-11237.5884559041 0
11237.5935971131 -8.98342926782243
-11237.6012860632 -66.4057577383628
11237.5989732003 -223.992241484921
-11237.6060724986 -526.119237337767
11237.5946503131 -1035.9418307147
-11237.5720305781 -1803.97177463792
11240.4010676671 -2933.25392624496
-11193.2282198816 -4547.71085032923
11524.1995135458 -6850.77851449688
-10171.4286236188 -9897.17069168189
14008.917560142 -13551.4592117897
-5585.84219496519 -17402.5143984525
20964.1442856964 -21032.1680376444
3577.50165640322 -24020.6530277548
31862.9679391708 -26161.7676261838
15601.2880749312 -27309.7397894575
44404.5899347379 -27519.4106078376
28140.1698617706 -26825.9305897296
56539.7106185015 -25403.7664870571
39590.7868634799 -23336.1187513657
67129.6673121182 -20815.510006706
49227.0582535883 -17905.6373524374
75781.0549451217 -14777.6268153976
56905.7580735234 -11456.4099499669
82527.9099453902 -8085.56683993044
62779.095225393 -4652.89477898536
87595.4229469537 -1280.16250308166
67112.1763768927 2074.46177186762
91265.3396631521 5303.14789115288
70187.6278528954 8469.87657238085
93810.9803799665 11474.0447916331
72263.2907459617 14395.9677833492
95471.3540931267 17137.3574816287
73557.9237631277 19790.7826545501
96444.8439770562 22256.9287859045
74250.2454295548 24637.9115331998
96891.7298940871 26831.2249998967
74483.6139665635 28946.8198650557
96940.1002682913 30877.6679869215
74372.5254003543 32740.538660094
96692.4851533308 34423.1262180119
74009.0661850414 36048.4741002473
96231.9103139856 37498.624759288
73468.4234411902 38902.6523750599
95626.7755762142 40136.803742963
72813.0901495261 41336.1097680039
94934.384277162 42370.9946683544
72095.7476659131 43382.4453585788
94203.2318885407 44235.0747286248
71361.0305974177 45075.8363881543
93474.3275168109 45763.5351915305
70646.4892572755 46451.0816394007
92781.8802576389 46991.4483681361
69983.0772645544 47543.463194026
92153.6567859808 47954.2136693015
69395.4374380351 48388.3803172793
91611.2426427936 48687.0928323836
68902.1743996001 49020.8059394633
91170.3516154137 49224.6109364825
68516.2168665977 49474.656422882
90841.2491422204 49599.9182425967
68245.3039244282 49782.1666135615
90629.2982357579 49844.1965995178
68092.5837794845 49973.3423303856
90535.6018560737 49986.1692212478
68057.2891862746 50075.5352315441
90557.7003078713 50051.7453156723
68135.4458679557 50113.1591272226
90690.2803585127 50063.8076771381
68320.5729602542 50107.5465616042
90925.8587975462 50042.1345061952
68604.3427411763 50076.9310512069
91255.4126789078 50003.4365296754
68977.1769780379 50036.5331333369
91668.9385346094 49961.48585763
69428.7668306259 49998.7259463807
92155.9317268475 49927.3123917889
69948.5112177435 49973.2568759057
92705.7840707548 49909.4455023639
70525.8744905733 49967.5044883001
93308.1027913668 49914.1819025947
71150.6682424559 49986.7534941802
93952.957001975 49945.8643039336
71813.2644413402 50034.4741339489
94631.0595816 50007.1589795215
72504.7481958144 50112.595744711
95333.8929833939 50099.3235046488
73217.0187368374 50221.7671552395
96053.7874725676 50222.4585648658
73942.8469280376 50361.5989121382
96783.9598454048 50375.739821998
74675.8970411882 50530.8841976427
97518.5200150317 50557.6274615159
75410.719809514 50727.7967286188
98252.4520922046 50766.052290281
76142.7229993221 50950.0650083918
98981.5758162781 50998.578191128
76868.1249763092 51195.1231131197
99702.4934431595 51252.5414389706
77583.8960148136 51460.2387944531
100412.526492006 51525.1678967872
78287.6914178004 51742.6201176945
101109.646097235 51813.6694797767
78977.7798856932 52039.502164423
101792.400108169 52115.3215317959
79652.9699931356 52348.2155357616
102459.839524599 52427.522921368
80312.5371034736 52666.2385156166
103111.44635182 52747.8407512359
80956.1525705541 52991.2348066331
103747.064503001 53074.0415985226
81583.8166461315 53321.0787471417
104366.834969813 53404.111173157
82195.7961286444 53653.8698655294
104971.136124027 53736.2642103493
82792.5674550367 53987.9385388997
105560.529702616 54068.946307895
83374.765650715 54321.8444046011
106135.712765482 54400.8292895946
83943.1393120204 54654.3690345013
106697.475696311 54730.8015300414
84498.5115983039 54984.5042302686
107246.66614033 55057.9545204847
85041.747053738 55311.4371399845
107784.158634623 55381.5667965395
85573.723958711 55634.533237733
108310.829583222 55701.0861912332
86095.3118230407 55953.3180529549
108827.53715634 56016.1112253382
86607.3535741361 56267.4583888886
109335.105646733 56326.3723041984
87110.6519584561 56576.7436319591
109834.313791969 56631.713258532
87605.9596601368 56881.0676283353
110325.88656568 56932.0736473973
88093.9726426725 57180.4114911148
110810.489949752 57227.4721353995
88575.3262345765 57474.8276021919
111288.728219804 57517.9911635151
89050.5935048737 57764.4249868035
111761.143305107 57803.7630533854
89520.2855063558 58049.3561656284
112228.215818826 58084.9576180458
89984.8530013712 58329.8055284565
112690.367392939 58361.771297009
90444.6893245465 58605.9792239708
113147.963992543 58634.4177894537
90900.1340775582 58878.096521061
113601.319925021 58903.1201249308
91351.4773915797 59146.3825672491
114050.702299514 59168.1040853692
91798.9645322472 59411.0624481137
114496.335730416 59429.592874136
92242.8006591352 59672.3564369596
114938.407114501 59687.8029163845
92683.1555862298 59930.4763153196
115377.070344287 59942.9406688709
93120.1684213585 60185.622641187
115812.450850124 60195.2003158651
93553.9519907579 60437.9828422311
116244.649890064 60444.7622298332
93984.5969798512 60687.730014796
116673.74852976 60691.7920804188
94412.1757428898 60935.0223154613
117099.811274654 60936.4404821986
94836.7457524921 61180.0028397002
117522.88933351 61178.8430801012
95258.3526754661 61422.7998911132
117943.023506295 61419.1209807342
95677.0330738383 61663.527554372
118360.246700616 61657.3814477185
96092.8167399891 61902.2864949664
118774.586089731 61893.7187891075
96505.728682472 62139.164918776
119186.064931762 62128.2153747865
96915.7907847447 62374.2396341366
119594.704074498 62360.9427311723
97323.0231629384 62607.5771682299
120000.52317328 62591.9626693963
97727.4452511923 62839.2348981635
120403.541651224 62821.328411337
98129.0766442329 63069.2621649156
120803.779431621 63049.0856852912
98527.937727013 63297.7013453507
121201.257472108 63275.2737697024
98924.0501205478 63524.5888637329
121595.99812914 63499.9264691853
99317.4369717857 63749.9561295894
121988.025379778 63723.0730121108
99708.1231135857 63973.8303934116
122377.36492586 63944.7388632814
100096.135118801 64196.2355155839
122764.044203431 64164.9464487741
100481.50127019 64417.1926471413
123148.092317968 64383.7157929151
100864.251465497 64636.7208235334
123529.539923565 64601.0650696382
101244.417074689 64854.8374745844
123908.419061867 64817.0110722295
101622.030763958 65071.5588553507
124284.762974256 65031.569606744
101997.126298927 65286.9004036428
124658.605898641 65244.7558152552
102369.738337359 65500.8770306792
125029.982860196 65456.5844356294
102739.902219793 65713.5033517203
125398.929463548 65667.0700047645
103107.653764755 65924.7938636521
125765.481692292 65876.2270122423
103473.029073674 66134.7630764046
126129.675720243 66084.0700111741
103836.064349252 66343.4256048416
126491.547737576 66290.6136927024
104196.795729895 66550.7962273876
126851.133793931 66495.8729302065
104555.259141779 66756.8899172029
127208.469659646 66699.8627987711
104911.490169354 66961.7218512023
127563.590705544 66902.598574944
105265.523944362 67165.307401671
127916.531801078 67104.0957212594
105617.395052954 67367.6621146756
128267.327230213 67304.3698594484
105967.137460078 67568.8016789195
128616.010624027 67503.4367357201
106314.784449981 67768.7418881663
128962.614908783 67701.3121809814
106660.368581507 67967.4985998525
129307.172268083 67898.0120683823
107003.921656712 68165.0876920506
129649.714117567 68093.552270131
107345.474701278 68361.5250205207
129990.27109065 68287.9486151218
107685.057955187 68556.8263772123
130328.873033765 68481.216848565
108022.700872167 68751.0074512399
130665.549009652 68673.3725944934
108358.432126478 68944.0837930718
131000.327307307 68864.431321753
108692.279625702 69136.0707824167
131333.235457313 69054.4083138563
109024.270528322 69326.9836000896
131664.300251377 69243.3186428863
109354.431264967 69516.8372039643
131993.547765048 69431.1771474893
109682.787562352 69705.6463089827
132321.003382667 69617.998414867
110009.364469057 69893.4253710837
132646.691823775 69803.7967665864
110334.186382388 70080.1885748331
132970.637170288 69988.5862479604
110657.277075722 70265.9498244787
133292.862893873 70172.3806206983
110978.659725797 70450.7227381153
133613.391883058 70355.1933585019
111298.356939558 70634.520644625
133932.246469717 70537.0376452633
111616.390780205 70817.3565830484
134249.448454636 70717.926375524
111932.782792217 70999.2433040459
134565.019131945 70897.8721568569
112247.554025172 71180.1932731212
134878.979312292 71076.8873138523
112560.725056236 71360.2186752945
135191.349344641 71254.9838934076
112872.316011274 71539.3314209394
135502.149136678 71432.1736710441
113182.346584539 71717.5431525184
135811.398173797 71608.4681580035
113490.836056967 71894.865251984
136119.115536709 71783.8786089017
113797.803313108 72071.308848637
136425.319917705 71958.4160297462
114103.266856747 72246.8848272622
136730.029635663 72132.0911861524
114407.244825301 72421.6038363897
137033.262649851 72304.9146116175
114709.755003067 72595.4762965525
137335.036572635 72476.8966157364
115010.814833402 72768.5124084381
137635.368681173 72648.0472922674
115310.441429954 72940.7221608491
137934.275928186 72818.3765269722
115608.651587003 73112.1153384101
138231.774951901 72987.8940051784
115905.461789025 73282.7015289748
138527.88208526 73156.6092190226
116200.888219562 73452.4901306988
138822.613364464 73324.5314743486
116494.946769464 73621.4903587609
139115.984536939 73491.6698972486
116787.653044598 73789.7112517223
139408.0110688 73658.0334402407
117079.022373078 73957.1616775227
139698.708151864 73823.6308880861
117369.069812084 74123.8503391218
139988.090710285 73988.4708632565
117657.810154319 74289.7857797957
140276.173406854 74152.5618310638
117945.257934162 74454.9763881045
140562.970649009 74315.9121044715
118231.427433549 74619.4304025517
140848.496594595 74478.5298486053
118516.332687623 74783.1559159528
141132.765157414 74640.423084986
118799.987490181 74946.1608795366
141415.790012577 74801.5996955051
119082.405398948 75108.4531068006
141697.5846017 74962.0674261649
119363.599740693 75270.0402771419
141978.162137951 75121.833890605
119643.583616208 75430.929939284
142257.53561096 75280.906573435
119922.369905163 75591.1295145201
142535.717791621 75439.2928333924
120199.971270848 75750.6462997902
142812.721236777 75596.9999063445
120476.400164806 75909.4874706112
143088.558293809 75754.0349081489
120751.668831375 76067.6600838731
143363.241105123 75910.4048373895
121025.789312129 76225.1710805167
143636.781612546 76066.1165779996
121298.773450228 76382.0272881056
143909.191561637 76221.1769017852
121570.632894682 76538.235423303
144180.482505901 76375.5924708572
121841.379104526 76693.8020942628
144450.665810924 76529.3698399841
122111.023352906 76848.7338029439
144719.752658415 76682.5154588697
122379.576731084 77003.0369473546
144987.754050165 76835.0356743654
122647.050152348 77156.7178237335
145254.680811919 76986.9367326209
122913.454355848 77309.7826286709
145520.543597164 77138.2247811783
123178.799910331 77462.2374611772
145785.352890823 77288.905871014
123443.097217801 77614.0883246987
146049.119012875 77438.9859585308
123706.356517091 77765.3411290873
146311.852121877 77588.4709075042
123968.587887347 77916.0016925226
146573.562218413 77737.3664909827
124229.801251428 78066.0757433922
146834.259148447 77885.6783931463
124490.006379222 78215.568922128
147093.952606601 78033.412211123
124749.212890884 78364.4867830032
147352.652139346 78180.5734567647
125007.43025998 78512.8347958881
147610.367148115 78327.1675583842
125264.667816563 78660.6183479675
147867.10689233 78473.1998624531
125520.934750165 78807.8427454194
148122.880492356 78618.6756352614
125776.240112707 78954.5132150563
148377.696932382 78763.6000645399
126030.592821339 79100.6349059285
148631.565063212 78907.978261046
126284.001661205 79246.2128908919
148884.493605 79051.8152601121
126536.475288132 79391.252168139
149136.491149904 79195.1160231597
126788.022231256 79535.7576626934
149387.566164672 79337.885439176
127038.650895567 79679.7342278714
149637.72699316 79480.1283261578
127288.369564402 79823.1866467067
149886.981858791 79621.84943252
127537.186401864 79966.1196333427
150135.33886694 79763.05343847
127785.109455183 80108.5378343909
150382.806007263 79903.7449573504
128032.146657012 80250.4458302563
150629.391155972 80043.9285369485
128278.30582767 80391.8481364315
150875.102078038 80183.6086607736
128523.594677325 80532.7492047583
151119.946429356 80322.7897493045
128768.020808118 80673.1534246601
151363.931758837 80461.4761612057
129011.591716246 80813.0651243425
151607.065510464 80599.6721945135
129254.314793977 80952.488571967
151849.355025288 80737.3820877963
129496.197331631 81091.4279767932
152090.807543377 80874.6100212819
129737.246519502 81229.8874902967
152331.430205718 81011.3601179614
129977.469449734 81367.8712072565
152571.230056076 81147.6364446647
130216.873118161 81505.3831668194
152810.214042799 81283.4430131111
130455.464426093 81642.4273535361
153048.389020592 81418.7837809331
130693.25018206 81779.0076983743
153285.761752242 81553.6626526773
130930.237103526 81915.1280797068
153522.338910302 81688.0834807812
131166.431818545 82050.7923242769
153758.127078738 81822.050066526
131401.840867398 82186.00420814
153993.132754539 81955.5661609684
131636.470704175 82320.767457584
154227.362349287 82088.6354658498
131870.327698332 82455.0857500283
154460.82219069 82221.261634484
132103.418136208 82588.9627149015
154693.518524087 82353.4482726258
132335.748222505 82722.4019344989
154925.457513911 82485.1989393182
132567.324081745 82855.4069448211
155156.645245122 82616.5171477213
132798.151759679 82987.9812363926
155387.087724609 82747.4063659217
133028.237224675 83120.1282550629
155616.79088256 82877.8700177246
133257.586369077 83251.8514027884
155845.760573802 83007.9114834268
133486.205010522 83383.1540383984
156074.002579109 83137.5341005741
133714.098893242 83514.0394783423
156301.522606487 83266.7411647007
133941.273689328 83644.5109974223
156528.326292421 83395.5359300529
134167.734999969 83774.5718295082
156754.419203108 83523.9216102965
134393.488356666 83904.2251682375
156979.806835651 83651.9013792101
134618.53922242 84033.474167701
157204.494619235 83779.4783713615
134842.892992888 84162.3219431117
157428.487916275 83906.6556827709
135066.554997521 84290.7715714612
157651.792023538 84033.4363715596
135289.530500679 84418.8260921614
157874.412173246 84159.8234585848
135511.824702716 84546.488507672
158096.35353415 84285.8199280604
135733.442741043 84673.7617841156
158317.621212586 84411.428728166
135954.389691176 84800.6488518794
158538.220253503 84536.6527716417
136174.670567753 84927.1526062043
158758.155641476 84661.4949363716
136394.290325535 85053.2759077619
158977.432301697 84785.9580659541
136613.253860382 85179.0215832193
159196.055100937 84910.0449702613
136831.566010216 85304.3924257924
159414.028848501 85033.7584259864
137049.231555957 85429.3911957877
159631.358297154 85157.10117718
137266.255222443 85554.0206211328
159848.048144031 85280.0759357753
137482.64167933 85678.2833978968
160064.10303153 85402.6853821024
137698.395541975 85802.1821907991
160279.527548183 85524.9321653931
137913.521372299 85925.7196337086
160494.326229513 85646.8189042741
138128.023679637 86048.8983301328
160708.503558874 85768.3481872518
138341.906921567 86171.7208536969
160922.06396827 85889.5225731858
138555.17550472 86294.1897486132
161135.011839159 86010.3445917546
138767.833785581 86416.3075301415
161347.351503249 86130.8167439105
138979.88607127 86538.0766850401
161559.087243263 86250.9415023267
139191.336620307 86659.499672008
161770.223293704 86370.7213118351
139402.189643363 86780.5789221187
161980.763841595 86490.1585898552
139612.449303994 86901.3168392448
162190.713027209 86609.2557268153
139822.119719368 87021.715800475
