-12.4309 0
12.431 -0.00993741
-12.431 -0.0734576
12.431 -0.247779
-12.431 -0.58199
12.431 -1.14595
-12.4309 -1.99554
12.4341 -3.24475
-12.3819 -5.03065
12.748 -7.57829
-11.2516 -10.9482
15.4966 -14.9905
-6.17902 -19.2505
23.1904 -23.2656
3.95741 -26.5715
35.2466 -28.94
17.258 -30.2099
49.1201 -30.4418
31.1285 -29.6747
62.5439 -28.1015
43.7951 -25.8143
74.2584 -23.026
54.4547 -19.8071
83.8285 -16.3469
62.9488 -12.673
91.2918 -8.9442
69.4458 -5.147
96.8975 -1.41611
74.2391 2.29476
100.957 5.86631
77.6411 9.36932
103.773 12.6925
79.9372 15.9247
105.61 18.9572
81.3693 21.8924
106.687 24.6205
82.1351 27.2543
107.181 29.6805
82.3933 32.0208
107.235 34.1567
82.2704 36.2174
106.961 38.0786
81.8684 39.8766
106.451 41.4807
81.2703 43.0339
105.782 44.3991
80.5454 45.7257
105.016 46.8705
79.7519 47.9894
104.207 48.9326
78.9391 49.8626
103.401 50.6233
78.1487 51.3839
102.635 51.9816
77.4148 52.5923
101.94 53.0466
76.7648 53.5269
101.34 53.8573
76.2191 54.2265
100.852 54.4519
75.7922 54.7285
100.488 54.8671
75.4925 55.0687
100.254 55.1373
75.3236 55.2802
100.15 55.2944
75.2845 55.3932
100.174 55.3669
75.371 55.4349
100.321 55.3803
75.5758 55.4286
100.582 55.3563
75.8897 55.3948
100.946 55.3135
76.3021 55.3501
101.404 55.2671
76.8017 55.3083
101.942 55.2293
77.3766 55.2801
102.551 55.2095
78.0153 55.2737
103.217 55.2147
78.7064 55.295
103.93 55.2498
79.4394 55.3478
104.68 55.3176
80.2043 55.4342
105.458 55.4195
80.9922 55.555
106.254 55.5558
81.7951 55.7097
107.062 55.7253
82.606 55.8969
107.874 55.9265
83.4189 56.1148
108.686 56.1571
84.2286 56.3606
109.493 56.4143
85.031 56.6317
110.29 56.6952
85.8228 56.925
111.076 56.9968
86.6013 57.2374
111.847 57.3159
87.3647 57.5658
112.602 57.6496
88.1116 57.9073
113.34 57.995
88.8412 58.2591
114.061 58.3493
89.5532 58.6186
114.764 58.7102
90.2475 58.9834
115.45 59.0753
90.9245 59.3516
116.118 59.4427
91.5846 59.7211
116.77 59.8107
92.2286 60.0905
117.407 60.1778
92.8574 60.4583
118.028 60.5429
93.4717 60.8235
118.636 60.9048
94.0726 61.1852
119.23 61.2627
94.6611 61.5426
119.813 61.6162
95.2381 61.8952
120.384 61.9647
95.8045 62.2427
120.946 62.3079
96.3612 62.5848
121.498 62.6456
96.9091 62.9215
122.042 62.9779
97.449 63.2526
122.578 63.3047
97.9815 63.5783
123.107 63.626
98.5072 63.8986
123.629 63.9422
99.0268 64.2138
124.146 64.2532
99.5407 64.5241
124.657 64.5594
100.049 64.8296
125.164 64.861
100.553 65.1306
125.665 65.1583
101.052 65.4273
126.162 65.4514
101.547 65.7201
126.655 65.7406
102.038 66.0092
127.144 66.0263
102.526 66.2947
127.629 66.3085
103.009 66.5769
128.111 66.5875
103.489 66.8561
128.589 66.8636
103.965 67.1324
129.064 67.1369
104.438 67.4059
129.535 67.4075
104.908 67.6769
130.003 67.6756
105.374 67.9455
130.468 67.9414
105.837 68.2118
130.929 68.205
106.297 68.4759
131.388 68.4664
106.754 68.7379
131.843 68.7258
107.208 68.998
132.295 68.9833
107.658 69.2561
132.744 69.2388
108.105 69.5124
133.19 69.4925
108.55 69.7668
133.632 69.7445
108.991 70.0195
134.072 69.9947
109.429 70.2705
134.509 70.2432
109.864 70.5198
134.942 70.4901
110.296 70.7674
135.373 70.7353
110.726 71.0135
135.801 70.9789
111.152 71.2579
136.226 71.2209
111.575 71.5007
136.648 71.4613
111.996 71.742
137.067 71.7002
112.414 71.9817
137.483 71.9375
112.829 72.2199
137.897 72.1733
113.241 72.4566
138.307 72.4077
113.65 72.6919
138.715 72.6405
114.057 72.9256
139.121 72.8719
114.461 73.1578
139.524 73.1018
114.863 73.3887
139.924 73.3303
115.262 73.6181
140.322 73.5573
115.658 73.846
140.717 73.783
116.052 74.0726
141.11 74.0072
116.444 74.2978
141.5 74.2301
116.833 74.5217
141.888 74.4517
117.22 74.7442
142.274 74.6719
117.605 74.9653
142.658 74.8908
117.987 75.1852
143.039 75.1083
118.367 75.4038
143.418 75.3246
118.745 75.6211
143.794 75.5397
119.121 75.8371
144.169 75.7535
119.494 76.0519
144.541 75.966
119.865 76.2655
144.912 76.1774
120.235 76.4779
145.28 76.3875
120.602 76.6891
145.646 76.5965
120.967 76.8991
146.01 76.8043
121.33 77.1079
146.373 77.011
121.692 77.3157
146.733 77.2165
122.051 77.5223
147.091 77.4209
122.408 77.7277
147.448 77.6242
122.764 77.9321
147.802 77.8265
123.118 78.1355
148.155 78.0276
123.469 78.3377
148.506 78.2277
123.819 78.5389
148.855 78.4268
124.168 78.7391
149.202 78.6248
124.514 78.9382
149.548 78.8218
124.859 79.1363
149.892 79.0178
125.202 79.3335
150.234 79.2128
125.543 79.5296
150.574 79.4069
125.882 79.7248
150.913 79.5999
126.22 79.919
151.25 79.7921
126.557 80.1123
151.585 79.9832
126.891 80.3046
151.919 80.1735
127.224 80.4961
152.251 80.3628
127.556 80.6866
152.582 80.5512
127.886 80.8762
152.911 80.7387
128.214 81.0649
153.239 80.9254
128.541 81.2527
153.565 81.1111
128.866 81.4396
153.889 81.296
129.19 81.6257
154.212 81.48
129.512 81.8109
154.534 81.6632
129.833 81.9953
154.854 81.8456
130.152 82.1789
155.173 82.0271
130.47 82.3616
155.49 82.2078
130.787 82.5435
155.806 82.3877
131.102 82.7246
156.12 82.5668
131.416 82.905
156.433 82.745
131.728 83.0845
156.745 82.9226
132.039 83.2632
157.055 83.0993
132.349 83.4412
157.364 83.2753
132.657 83.6184
157.672 83.4505
132.964 83.7949
157.979 83.6249
133.27 83.9706
158.284 83.7986
133.575 84.1456
158.587 83.9716
133.878 84.3198
158.89 84.1438
134.18 84.4933
159.191 84.3154
134.481 84.6661
159.492 84.4862
134.78 84.8382
159.79 84.6563
135.078 85.0096
160.088 84.8257
135.376 85.1803
160.385 84.9944
135.671 85.3503
160.68 85.1625
135.966 85.5196
160.974 85.3298
136.26 85.6882
161.267 85.4965
136.552 85.8562
161.559 85.6625
136.843 86.0235
161.849 85.8279
137.133 86.1902
162.139 85.9926
137.422 86.3562
162.427 86.1566
137.71 86.5216
162.714 86.3201
137.997 86.6863
163.001 86.4828
138.282 86.8504
163.286 86.645
138.567 87.0139
163.57 86.8065
138.85 87.1767
163.853 86.9675
139.133 87.339
164.134 87.1278
139.414 87.5006
164.415 87.2875
139.695 87.6617
164.695 87.4466
139.974 87.8221
164.974 87.6051
140.252 87.9819
165.252 87.7631
140.529 88.1412
165.528 87.9204
140.806 88.2999
165.804 88.0772
141.081 88.458
166.079 88.2334
141.355 88.6155
166.352 88.389
141.628 88.7725
166.625 88.5441
141.901 88.9289
166.897 88.6986
142.172 89.0848
167.168 88.8526
142.442 89.2401
167.438 89.006
142.712 89.3949
167.707 89.1588
142.98 89.5491
167.975 89.3112
143.248 89.7028
168.242 89.463
143.515 89.856
168.508 89.6142
143.78 90.0086
168.773 89.765
144.045 90.1607
169.038 89.9152
144.309 90.3123
169.301 90.0649
144.572 90.4634
169.564 90.2141
144.834 90.614
169.825 90.3628
145.095 90.7641
170.086 90.511
145.356 90.9136
170.346 90.6587
145.615 91.0627
170.605 90.8059
145.874 91.2113
170.864 90.9526
146.132 91.3594
171.121 91.0989
146.389 91.507
171.378 91.2446
146.645 91.6541
171.633 91.3899
146.9 91.8008
171.888 91.5346
147.155 91.947
172.142 91.679
147.409 92.0927
172.396 91.8228
147.662 92.2379
172.648 91.9662
147.914 92.3827
172.9 92.1091
148.165 92.527
173.151 92.2516
148.415 92.6709
173.401 92.3936
148.665 92.8143
173.65 92.5352
148.914 92.9573
173.899 92.6763
149.162 93.0998
174.146 92.817
149.41 93.2419
174.393 92.9572
149.656 93.3836
174.64 93.0971
149.902 93.5248
174.885 93.2364
150.147 93.6656
175.13 93.3754
150.392 93.8059
175.374 93.5139
150.636 93.9459
175.617 93.652
150.878 94.0854
175.86 93.7897
151.121 94.2245
176.102 93.9269
151.362 94.3632
176.343 94.0638
151.603 94.5014
176.583 94.2002
151.843 94.6393
176.823 94.3363
152.082 94.7768
177.062 94.4719
152.321 94.9138
177.3 94.6071
152.559 95.0505
177.538 94.742
152.796 95.1867
177.775 94.8764
153.033 95.3226
178.011 95.0104
153.269 95.4581
178.247 95.1441
153.504 95.5932
178.481 95.2774
153.739 95.7279
178.716 95.4102
153.973 95.8622
178.949 95.5427
154.206 95.9961
179.182 95.6749
154.438 96.1297
179.414 95.8066
154.67 96.2629
