I_value	Tstar	ystar
9.64133022449836	1.2696307476437652	[0.12036139623065216, 0.07988353086745141, 0.05125449262060628, 0.03184761076332029, 0.019218804419403185, 0.01131657112683055, 0.006553215901597535, 0.0037812960706740156, 0.0022198798141741657, 0.0013653908182114833, 0.0009086757015237322, 0.0006683094770742003, 0.0005421485800901712, 0.0004748300987326361, 0.0004373635443684551, 0.0004150252521823509, 0.0004005281181491155, 0.0003903354822911016, 0.00038274911289488934, 0.00037695184394109495, 0.00037254277995951306, 0.00036931759494634515, 0.00036716685128678595, 0.0003660297235034653, 0.00036587309723831724, 0.00036668221300071934, 0.0003684564862054052, 0.0003712077706350321, 0.0003749597882701298, 0.0003797482618069048, 0.0003856214904629849, 0.0003926413470203632, 0.00040088465091787473, 0.0004104449964831863, 0.0004214350644373481, 0.0004339895490055434, 0.0004482687925924752, 0.0004644633292065854, 0.0004827995203078007, 0.0005035465984788537, 0.0005270254537386427, 0.0005536196765427541, 0.0005837894542205471, 0.0006180891878368788, 0.0006571898939375182, 0.0007019078970268048, 0.0007532417313925435, 0.0008124199349957083, 0.000880963242610791, 0.0009607660627758994, 0.0010542037425269378, 0.001164274673268081, 0.0012947894472839865, 0.0014506240601103735, 0.001638060252772962, 0.0018652450819459448, 0.002142813398315612, 0.0024847335618756626, 0.0029094580527450047, 0.0034414902754849584, 0.004113515765946543, 0.004969294751399859, 0.006067569721069302, 0.00748730957861032, 0.009334678126333944, 0.011752173719465138, 0.014930402574266746, 0.019122890951469008, 0.024664127977279158, 0.03199059007045279, 0.04166368601125488, 0.05439228831137825, 0.07105064691304777, 0.09268507601835538, 0.12050001831714889, 0.1558115516362355, 0.19995502253960973, 0.25413483940183723, 0.3192101509403744, 0.39542181883059396, 0.48208402069443457, 0.5772864051228026, 0.6776749609886723, 0.7783939307605019, 0.8732674214177322, 0.9552701455557474, 1.0172799913849784, 1.0530294615404905, 1.0580977070310456, 1.0307365472954417, 0.972326530559926, 0.8873235123510429, 0.7826712014654226, 0.6667883701352425, 0.5483476945616659, 0.4351097125908953, 0.33304521969585943, 0.24588605358453347, 0.17512293637372853]
9.394116628998402	1.3083804579852916	[0.12566547767579858, 0.08434473251968282, 0.05478307082619959, 0.03449327307584457, 0.021111733866823423, 0.012617428752139866, 0.007418391091105877, 0.004343738709559548, 0.002582293416562846, 0.0016013615917737577, 0.001067726855249804, 0.0007820283602307964, 0.0006297683866765992, 0.0005476057307542937, 0.0005016709477899265, 0.00047439346738547265, 0.00045689070121457425, 0.0004447618706945629, 0.0004358534284540352, 0.0004291130275780448, 0.0004240195445535353, 0.0004203071721866754, 0.0004178346685781685, 0.0004165245321546721, 0.00041633493563434406, 0.00041724695545777656, 0.0004192587475183806, 0.00042238308008948894, 0.0004266464246298659, 0.00043208899889842184, 0.0004387653435103843, 0.0004467454279127645, 0.0004561161690779311, 0.0004669834918477692, 0.00047947491357404695, 0.0004937428422918631, 0.0005099686482857546, 0.0005283677728340794, 0.0005491960380949968, 0.000572757546866904, 0.0005994145031362662, 0.0006295995606602588, 0.0006638313159420861, 0.0007027339404816541, 0.000747062074082708, 0.000797732671787743, 0.0008558658427814023, 0.0009228376487904103, 0.001000348592399284, 0.0010905131251309679, 0.0011959770703373084, 0.001320072713322276, 0.0014670244164241939, 0.0016422228279691891, 0.0018525917747318598, 0.00210708147328114, 0.002417333065593473, 0.0027985767170180505, 0.0032708461236912113, 0.003860622135756568, 0.004603052973147815, 0.005544946000222776, 0.0067487771176251085, 0.008298026637935522, 0.010304203899486135, 0.01291596937777239, 0.016330754456523423, 0.020809200180822756, 0.026692489212738556, 0.034422186754156946, 0.04456137840105762, 0.05781465781698273, 0.07504272737708467, 0.09726516951261233, 0.1256424456169238, 0.16142607682969143, 0.20586503404451612, 0.2600581415388672, 0.324748069792432, 0.40006373685172364, 0.4852345248520335, 0.5783201324162939, 0.6760192643945773, 0.7736319232206973, 0.8652450802306769, 0.9441837128806585, 1.003717180519851, 1.0379429264750653, 1.0427025890696793, 1.0163433299787754, 0.960140242275275, 0.878253449962889, 0.7771960007218759, 0.6649078985146835, 0.54962972247263, 0.4388137072102602, 0.33828677457892314, 0.2517993773628897, 0.18098611941874335]
9.146903033498445	1.3495985947120994	[0.1311602582578066, 0.08902929466035248, 0.0585400028912475, 0.03735096031439037, 0.023187214007034208, 0.01406601304189424, 0.008397122732492306, 0.004989930437703215, 0.003004624588226438, 0.0018794813051764855, 0.0012564272379624781, 0.0009170238857550429, 0.0007332806689031902, 0.0006329212604927918, 0.0005764770814868686, 0.0005430308751461502, 0.0005217793740772712, 0.0005072569438751788, 0.0004967361403052368, 0.0004888618467932727, 0.0004829552905652788, 0.0004786688822745834, 0.0004758187284767461, 0.0004743048919570218, 0.00047407382004615293, 0.0004751008933298302, 0.000477382335279747, 0.00048093167583913165, 0.000485778362946163, 0.0004919676296443475, 0.0004995610581531583, 0.0005086377789833049, 0.0005192961600348917, 0.0005316561110309735, 0.0005458619858149733, 0.0005620862842436174, 0.0005805342252327444, 0.0006014494775504352, 0.0006251212355341118, 0.0006518930645473031, 0.0006821738871482143, 0.0007164517742156036, 0.0007553112245109757, 0.0007994550188270351, 0.0008497318820535546, 0.0009071717935292169, 0.0009730311687049263, 0.0010488511201485735, 0.001136532832095253, 0.0012384357678844285, 0.001357506097476271, 0.0014974457160105434, 0.0016629354831216147, 0.001859931690962135, 0.0020960609845787114, 0.002381148664610285, 0.002727926821520338, 0.0031529859460867264, 0.003678054064171787, 0.004331716510305389, 0.005151722830321749, 0.0061880719056271825, 0.0075071130621298336, 0.009196956131081374, 0.011374526241804834, 0.014194629659527344, 0.017861368769854016, 0.02264214017652771, 0.02888417883024138, 0.03703313202011274, 0.04765232125944255, 0.061440150246559466, 0.0792414322034548, 0.10204639136876262, 0.1309688966375307, 0.16719377234134083, 0.21188254556628708, 0.266029094903579, 0.3302624798200581, 0.40460493188397784, 0.48820828500859154, 0.5791104077451932, 0.6740699876285423, 0.7685472033298419, 0.8568918479245058, 0.9327741363288992, 0.989845991361284, 1.0225597088382405, 1.0270117573877688, 1.0016426354887766, 0.9476270885069475, 0.868840554891659, 0.7713787801691242, 0.6627138395017054, 0.5506583676457223, 0.44235189892631316, 0.343465667771581, 0.25775307964153094, 0.18697763625261768]
8.899689437998488	1.3935259119760435	[0.1368462030722223, 0.09394406477748307, 0.06253724035465033, 0.04043589852810286, 0.025461794945891226, 0.015678503137631347, 0.00950401054211574, 0.005732233671688678, 0.0034968226193807725, 0.0022074521770043716, 0.0014805867749363858, 0.0010776302152194848, 0.0008559376785065042, 0.0007332750191372382, 0.0006637761739653905, 0.0006226053105619588, 0.0005966553734117498, 0.0005791527625765418, 0.0005666486896042906, 0.0005573990654646093, 0.0005505185944658575, 0.0005455507963673145, 0.000542254366030756, 0.0005404989605973617, 0.0005402150795429303, 0.000541370216927666, 0.0005439576592781553, 0.0005479913883817272, 0.0005535040187035158, 0.0005605463484269141, 0.000569187894458007, 0.0005795181463408566, 0.0005916484614088686, 0.0006057146132487099, 0.0006218800712985407, 0.0006403401320590206, 0.0006613270756778238, 0.0006851165721792433, 0.0007120356349884224, 0.0007424725021052084, 0.0007768889433378303, 0.0008158356356452287, 0.0008599714488426284, 0.000910087737913953, 0.0009671390877551142, 0.0010322824112378773, 0.0011069269246870438, 0.0011927983498231157, 0.0012920218193775857, 0.0014072294730375755, 0.0015417007930604814, 0.0016995465042214327, 0.0018859506462533754, 0.0021074905183831177, 0.0023725610925237556, 0.0026919397098037205, 0.003079539195928249, 0.0035534137201212166, 0.00413710281614546, 0.004861425772371957, 0.005766871857716914, 0.006906771294913342, 0.008351476101906818, 0.01019382419625425, 0.012556195737467784, 0.015599480815586101, 0.019534236023522493, 0.02463417299850701, 0.03125183887160026, 0.03983584405898772, 0.05094818922479097, 0.06527907255640852, 0.08365500509144022, 0.1070342124278635, 0.13648142745005948, 0.17311280237402682, 0.21800161391509568, 0.27203776679968567, 0.33573993184348744, 0.4090292181408307, 0.4909873455361028, 0.5796384888884131, 0.671808425654468, 0.763121639391568, 0.8481903755229084, 0.9210247876268268, 0.9756502966690356, 1.0068639135726707, 1.0110092807541358, 0.9866182108753602, 0.9347701571906369, 0.8590668946435511, 0.765200346591641, 0.6601858581767795, 0.5514128568282864, 0.44570443417218125, 0.34856480089147907, 0.2637347235151294, 0.19309118579379564]
8.65247584249853	1.4404348485131784	[0.1427225778468146, 0.09909528083401575, 0.06678679256379758, 0.04376401974515019, 0.027953270494915427, 0.017472686956167546, 0.010755434186363695, 0.006584785677236472, 0.004070474127386372, 0.002594397783995228, 0.001747192221750727, 0.0012691227844608016, 0.001001728762719983, 0.0008517388998967331, 0.0007660128976034851, 0.0007151469641063413, 0.0006832817462945378, 0.0006620429384376904, 0.0006470778957348596, 0.000636144121669286, 0.0006280861284509632, 0.0006223024766622194, 0.0006184743339813585, 0.0006164299519878294, 0.0006160779007695382, 0.0006173746766120553, 0.0006203090934688491, 0.000624895058194541, 0.0006311684319829988, 0.0006391861671153979, 0.0006490266770879236, 0.0006607911785324989, 0.0006746057424060188, 0.0006906241620339103, 0.0007090315995923892, 0.0007300492467747071, 0.0007539400860104245, 0.000781016099973638, 0.0008116471599411858, 0.000846272109947734, 0.0008854124994987056, 0.0009296897685637307, 0.0009798467098452695, 0.0010367745102238533, 0.0011015468421121985, 0.0011754631842004473, 0.0012601039861753643, 0.0013574014217180858, 0.0014697303992372564, 0.0016000263920024939, 0.0017519384798300394, 0.0019300292628287308, 0.0021400367957489694, 0.0023892194133614576, 0.0026868107680961804, 0.0030446223735781535, 0.00347784245095129, 0.0040060967956898575, 0.004654856762231574, 0.005457306485643367, 0.006456810969459589, 0.007710164731678024, 0.009291836980587519, 0.011299468603307371, 0.013860896612083225, 0.01714298135601384, 0.021362445813787496, 0.026798788492557197, 0.03380902162810631, 0.042843484646883305, 0.054461181572230975, 0.06934199134354693, 0.0882916452295231, 0.11223373484959814, 0.14218139835108826, 0.17918033297746636, 0.2242150374742419, 0.2780727697964351, 0.3411653916001306, 0.4133187633152086, 0.49355209301446684, 0.5798840029266656, 0.6692142829814812, 0.7573355542247212, 0.8391218035311865, 0.908917555928815, 0.9611125024639124, 0.9908381884891785, 0.9946777695565725, 0.9712523346350286, 0.9215510413919282, 0.8489129963517996, 0.7586398933868173, 0.6573019060879306, 0.5518705855820636, 0.4488495246893948, 0.3535651009896122, 0.2697299809482971, 0.19931882954224608]
8.405262246998573	1.4906348004991123	[0.14878720128685397, 0.10448836212307819, 0.07130058004012856, 0.04735189729022575, 0.030680704772566594, 0.019468075713759286, 0.012169740524990105, 0.0075637351923681945, 0.004739063107760231, 0.0030511227729197025, 0.0020646486644925427, 0.0014979306626788428, 0.0011755594454961895, 0.000992104915442233, 0.0008862004369379936, 0.0008231432061717807, 0.0007838004484310547, 0.0007578467399588979, 0.0007398010195515871, 0.0007267839951680726, 0.0007172874862607247, 0.0007105171366354386, 0.0007060493249957862, 0.0007036556110071453, 0.0007032142406276851, 0.0007046661852641998, 0.0007079935306286431, 0.00071320916957287, 0.0007203521600358738, 0.0007294861551485688, 0.0007406995351845041, 0.000754106749365718, 0.0007698505570588896, 0.0007881051992820128, 0.0008090804882022335, 0.0008330270203815503, 0.0008602426498367443, 0.0008910805603325482, 0.0009259592331773201, 0.000965374838715453, 0.0010099165915418951, 0.001060285910480834, 0.0011173203298905868, 0.0011820235408546622, 0.0012556032096212918, 0.0013395188906130198, 0.0014355429121257325, 0.0015458382112879688, 0.001673058184349615, 0.0018204754863489164, 0.001992148761595987, 0.0021931395278093385, 0.0024297952001326004, 0.0027101198936258153, 0.0030442613979744263, 0.0034451524568406876, 0.003929356187165253, 0.004518181678127527, 0.005239154898622961, 0.006127955130591499, 0.007230954985066963, 0.008608535506706507, 0.01033937945161326, 0.012525975511536077, 0.015301576790908223, 0.01883883975649635, 0.023360288934161137, 0.02915058374340038, 0.0365702438088141, 0.04606998074232537, 0.058204011297735454, 0.07363968362896015, 0.09315942467061553, 0.11764957293953034, 0.14806932856320562, 0.18539235933713952, 0.23051417018889636, 0.2841210602682428, 0.3465220372914616, 0.4174538797103555, 0.49588105353130474, 0.5798247411772565, 0.6662654769461148, 0.751167527198669, 0.8296655720603674, 0.8964326569279758, 0.9462133637009951, 0.9744635383807145, 0.977998193660551, 0.9555256314032428, 0.9079496538802859, 0.8383576555152975, 0.751674804313912, 0.6540380148355702, 0.5520069004748962, 0.45176321416377724, 0.3584452719012153, 0.275722371663965, 0.2056507286440558]
8.158048651498616	1.5444784618506902	[0.1550361514217255, 0.11012765471822711, 0.07609024661063107, 0.051216647927874136, 0.0336644377028571, 0.02168601237674131, 0.01376744085213163, 0.008687504193351108, 0.005518268209301565, 0.0035904178871277587, 0.002443069811493107, 0.0017718973798338297, 0.0013834755209803991, 0.0011590717186747794, 0.0010280726228859155, 0.0009496619070083026, 0.0009008328648438962, 0.0008688926074775821, 0.0008469569871218963, 0.0008313359614931311, 0.0008200621558180987, 0.0008120848604655977, 0.0008068387204772057, 0.0008040174685776982, 0.0008034571509887189, 0.000805076695309766, 0.000808848069357237, 0.0008147816275106618, 0.0008229192895086064, 0.0008333318918275544, 0.000846118907027433, 0.0008614096964201971, 0.0008793659265812337, 0.0009001850519426225, 0.0009241048944081806, 0.0009514094641364796, 0.0009824362316663937, 0.00101758515863466, 0.0010573298753433318, 0.0011022315246551045, 0.0011529559270367048, 0.0012102949277370072, 0.0012751930237538988, 0.0013487807103500838, 0.0014324164036268834, 0.0015277393798333529, 0.0016367369090613795, 0.0017618297763247507, 0.0019059816907391182, 0.0020728398660170605, 0.0022669163765593474, 0.0024938230291102724, 0.0027605765847109305, 0.0030759966377961567, 0.0034512255642682186, 0.0039004092878169964, 0.004441589532273081, 0.005097873454354841, 0.005898965310767343, 0.006883167574827933, 0.008099984986718172, 0.009613493342205008, 0.011506661643696672, 0.013886835873188364, 0.016892593740594087, 0.02070214623239439, 0.025543367695187304, 0.031705348524315044, 0.03955103887502658, 0.0495300423308272, 0.062189881071377746, 0.07818307406443391, 0.09826618187844777, 0.12328571233055835, 0.15414471872826407, 0.1917435062460026, 0.2368886980558227, 0.2901677077573403, 0.35179101710855365, 0.42141278570468665, 0.49795064946092965, 0.5794364249073269, 0.6629379014339214, 0.7445941678837648, 0.8197991933771264, 0.8835484144300123, 0.9309317647428854, 0.9577191119789339, 0.9609496669631867, 0.9394168588937634, 0.8939440090530346, 0.827377715155074, 0.7442804236948375, 0.6503680570821138, 0.5517948452792957, 0.4544191081253046, 0.3631815055147986, 0.281692959980033, 0.21207483604224545]
7.910835055998658	1.6023694877810744	[0.1614634167664008, 0.11601612196204485, 0.08116692029255328, 0.055375791267058674, 0.03692606105659489, 0.024149767764370465, 0.015571414865952942, 0.009977074861122606, 0.00642630093172583, 0.004227417032977399, 0.0028946263915930475, 0.002100600919042627, 0.0016329436033654826, 0.0013584821695628393, 0.001196280575004334, 0.0010985124156844758, 0.0010376118114756195, 0.000998027789403601, 0.0009711395539262559, 0.0009522290072651648, 0.0009387328447482576, 0.0009292604603285264, 0.0009230548773379944, 0.0009197028303405294, 0.0009189813836642261, 0.0009207780183931552, 0.0009250495092805299, 0.0009318012394389584, 0.0009410771815704176, 0.0009529556782468454, 0.0009675484299718601, 0.0009850015601209705, 0.0010054981224099716, 0.0010292619291475743, 0.0010565626268848134, 0.0010877222185380001, 0.0011231231933661878, 0.0011632186558709642, 0.001208544822532462, 0.0012597365119183575, 0.0013175462915178536, 0.0013828682788973876, 0.0014567677399147903, 0.00154051810795137, 0.0016356473788803044, 0.0017439965801805714, 0.001867793668285023, 0.002009747414353935, 0.002173167066674984, 0.0023621155926838782, 0.0025816065349280703, 0.00283785792679567, 0.0031386206723534368, 0.0034936045578946675, 0.0039150318849655716, 0.004418358248307361, 0.0050232112250523705, 0.005754612770622903, 0.006644568263572771, 0.007734126647070077, 0.009076038578470488, 0.01073816429415695, 0.012807802455631772, 0.015397123507066929, 0.01864987965577757, 0.0227495184917288, 0.027928716850284186, 0.034480153936813036, 0.04276800874221796, 0.053239170583621605, 0.06643244634990805, 0.08298314941611419, 0.1036193914105418, 0.1291453354468, 0.16040584156554794, 0.19822678739086172, 0.2433263795106975, 0.2961956193524659, 0.3569511693785183, 0.4251713211890191, 0.4997349191951413, 0.5786924255320474, 0.659205154225151, 0.737589845274722, 0.8094979883137949, 0.8702409985920488, 0.9152444633603302, 0.9405819466084762, 0.9435091949688723, 0.9229026536485313, 0.8795099674589792, 0.8159478046286355, 0.7364297883327784, 0.6462634667288373, 0.5512048663571114, 0.45678805994432387, 0.3677471470685168, 0.2876200018532161, 0.21857653591773604]
7.6636214604987	1.6647718084211764	[0.1680604805388302, 0.12215496768380854, 0.08654091059086977, 0.05984705448597428, 0.040488354390059884, 0.02688461598969186, 0.017607116322042208, 0.011456300777351934, 0.0074842880224120665, 0.00498001376982977, 0.0034339633046661915, 0.002495745878345247, 0.001933202232888084, 0.0015976262368340732, 0.0013966473845538924, 0.0012744565760850713, 0.0011981558601536796, 0.0011487634963994874, 0.0011155203614872443, 0.0010924107250807839, 0.0010761009660980282, 0.0010647510852229254, 0.0010573454712494127, 0.001053323663170392, 0.0010523801260240607, 0.0010543572883779458, 0.0010591892024964177, 0.0010668724091003122, 0.0010774513914911493, 0.0010910119662709882, 0.0011076791559700289, 0.0011276178118012367, 0.001151035152209869, 0.0011781848825985857, 0.0012093728271043531, 0.001244964184822161, 0.0012853926406197734, 0.001331171684304472, 0.0013829086054225636, 0.0014413217834892862, 0.0015072620636741672, 0.0015817392435305939, 0.001665954980427629, 0.001761343817213565, 0.001869624508807246, 0.0019928644868773123, 0.002133561135060612, 0.0022947446649991487, 0.0024801088258148605, 0.00269417759748935, 0.002942518502976773, 0.0032320164517790186, 0.0035712262611557275, 0.003970827519803359, 0.004444212503571096, 0.005008246850330372, 0.005684253906161866, 0.006499287457252674, 0.007487773935724075, 0.008693623988082738, 0.010172933349835133, 0.011997412274811206, 0.01425869697951626, 0.017073699025422148, 0.020591128035460066, 0.02499926395713269, 0.030534934608043313, 0.037493444758690334, 0.04623887134519551, 0.05721365490583534, 0.07094575904890998, 0.08805084732124605, 0.10922600024983577, 0.13523060922968905, 0.16684948872991995, 0.20483331892581946, 0.24981273575036692, 0.30218521431989115, 0.3619786899145908, 0.4287026120569166, 0.5012051837196256, 0.5775634343539714, 0.6550382122746431, 0.7301263679416445, 0.7987347724633339, 0.8564841167338466, 0.8991257864280167, 0.9230266666637624, 0.9256513753206405, 0.9059572309117294, 0.8646209333626531, 0.8040400315912278, 0.7280933110877383, 0.641692909756943, 0.5502044665226596, 0.458837803026326, 0.37211230337667, 0.2934785313216967, 0.22513821882743737]
7.4164078649987415	1.7322210127843065	[0.17481582370477944, 0.12854317702104168, 0.09222132661155233, 0.06464810700109333, 0.044375166767217235, 0.02991787768561645, 0.01990277260209985, 0.013152239435598987, 0.008716700448452642, 0.0058693448612992865, 0.00407869762748611, 0.0029716433137116378, 0.0022957010060812096, 0.0018856274291185237, 0.0016364985511179134, 0.001483486314779062, 0.001387500793311897, 0.0013254685836964414, 0.0012840130687611496, 0.0012554893233337847, 0.001235572548614754, 0.0012218308234799337, 0.0012129002907568635, 0.0012080182082539587, 0.0012067632344352239, 0.001208913167169533, 0.0012143681335926, 0.0012231098158489695, 0.0012351804392310372, 0.001250672673038384, 0.0012697257374718208, 0.0012925252591024184, 0.001319305658625062, 0.0013503545175772376, 0.0013860187619776142, 0.001426712724126985, 0.0014729283171017466, 0.0015252476865954495, 0.0015843588543867978, 0.0016510750198056663, 0.0017263583898773222, 0.001811349646713175, 0.0019074044842309742, 0.002016139043657661, 0.0021394866120760625, 0.002279768622336463, 0.0024397838915733577, 0.002622921184077279, 0.002833301704901413, 0.0030759600847367913, 0.00335707498402554, 0.003684263739910207, 0.004066959761924339, 0.004516896828822673, 0.005048731389452264, 0.005680842629215301, 0.006436360773829002, 0.007344486912772702, 0.008442182571790767, 0.009776323686559594, 0.011406430398434265, 0.013408098500029941, 0.01587726622225739, 0.01893544401800372, 0.02273600462000677, 0.02747156027900154, 0.033382323790459564, 0.040765134249114425, 0.049982500889011454, 0.06147055441832242, 0.07574418546195533, 0.0933969119707667, 0.11509222187484344, 0.14154242557228136, 0.17347066318348822, 0.2115519764241936, 0.2563306793862673, 0.30811403749871163, 0.3668467347072899, 0.4319766721766641, 0.5023296482075253, 0.5760170702965319, 0.6504050430329693, 0.7221726033753418, 0.7874794799164414, 0.8422486445772605, 0.882547264635924, 0.9050251234702855, 0.9073480385204429, 0.8885520263816283, 0.8492474930566095, 0.7916236154821736, 0.7192384045291915, 0.6366218946383269, 0.548757796115657, 0.4605325179439666, 0.37624338214458186, 0.29923987396300883, 0.23173877920484143]
7.169194269498783	1.8053383471677147	[0.18171432842934798, 0.1351769556937757, 0.09821559618738691, 0.06979620544050376, 0.04861122593518604, 0.03327891537692766, 0.022489566961052115, 0.015095500393371321, 0.01015182989619473, 0.006920348342068813, 0.004850011085357749, 0.003545796522461394, 0.002734649344702851, 0.002233935772958144, 0.0019250914046117875, 0.001733189808340447, 0.0016120085114399523, 0.0015336297549015255, 0.0014814944312185395, 0.0014459243981482632, 0.001421326512060309, 0.0014044926199459496, 0.0013935917209406898, 0.0013875835534175986, 0.001385884625267236, 0.0013881798876982053, 0.0013943190763273396, 0.0014042596319874773, 0.0014180369232919053, 0.0014357487332157678, 0.0014575489781242894, 0.0014836459745782582, 0.0015143046793048424, 0.001549850913738712, 0.0015906783313093073, 0.001637257082236632, 0.0016901453834096464, 0.001750003405962272, 0.0018176109702737699, 0.001893888847230277, 0.001979925525657993, 0.0020770097375569013, 0.002186671211493731, 0.002310730695836458, 0.0024513627522724825, 0.0026111735807918634, 0.002793299107679466, 0.003001527631124803, 0.0032404551509435052, 0.0035156810888549122, 0.0038340573323682446, 0.004204003992931935, 0.0046359126774725146, 0.005142659935044362, 0.005740264194049248, 0.006448723360663872, 0.007293085295666883, 0.008304809376829826, 0.009523497206672974, 0.010999076830555883, 0.012794546873077737, 0.014989386191012722, 0.017683748104727084, 0.021003530108486088, 0.025106386879739293, 0.03018865516745009, 0.036493043902644406, 0.04431669822831864, 0.05401895786659422, 0.06602765630505343, 0.08084229206884404, 0.09903170510737255, 0.12122327896667413, 0.14808007955609667, 0.18026220613753818, 0.21836897791529314, 0.2628600694577133, 0.31395629263458263, 0.3715249455101503, 0.434959923225038, 0.503072926014005, 0.5740174058795069, 0.6452701391854706, 0.7136940172413854, 0.7756987119873321, 0.827502179536841, 0.8654771936909507, 0.8865459592089765, 0.8885678161466258, 0.8706552634020732, 0.8333569807916242, 0.7786644466328413, 0.709829030883108, 0.6310123065795982, 0.5468251667040427, 0.4618323185291959, 0.3801025467401515, 0.3048710705231067, 0.23835301798965014]
6.921980673998825	1.884848037295352	[0.1887365590459021, 0.14204904333403406, 0.10452886084816002, 0.0753077236383167, 0.05322185076102378, 0.03699905990859578, 0.02540178700603216, 0.017320599560232658, 0.01182231092599052, 0.00816240297411346, 0.0057733514906306155, 0.004239614362836146, 0.00326770105448054, 0.0026569567522417023, 0.0022741735052800214, 0.002033235921422718, 0.0018797809031075848, 0.0017802036341078747, 0.0017141045652218558, 0.0016692862953651003, 0.0016385423549816272, 0.0016176527244880611, 0.001604162130703991, 0.0015966512767272496, 0.0015943096613313364, 0.001596689439025364, 0.0016035653755344477, 0.0016148566550983946, 0.0016305839221815717, 0.0016508468687578294, 0.0016758134895840456, 0.0017057166408027441, 0.0017408550428704202, 0.0017815977535269242, 0.0018283912494611286, 0.0018817692739860556, 0.0019423653355935676, 0.002010928501785967, 0.0020883428030183115, 0.0021756512823002112, 0.00227408545567791, 0.002385101742726768, 0.0025104262837137314, 0.0026521105308604355, 0.0028126000700744377, 0.0029948204190689454, 0.003202283963279998, 0.0034392240176735144, 0.003710762987998727, 0.0040231243077636395, 0.004383899735872446, 0.0048023876840312665, 0.005290021587425313, 0.005860913482029814, 0.0065325433561817, 0.0073266337922496885, 0.008270257311790215, 0.009397235820558156, 0.01074990122279261, 0.012381299503018597, 0.014357927769032884, 0.016763100939347856, 0.019701036806274566, 0.023301730178657498, 0.02772663478827825, 0.033175088852866685, 0.039891271541089485, 0.04817126725630794, 0.058369500452037974, 0.070903405442562, 0.08625468514345623, 0.10496496303484457, 0.12762307569516085, 0.1548408735602461, 0.18721433566301424, 0.22526737959737816, 0.2693771672931586, 0.31968228164181606, 0.3759788713325299, 0.43761461821899783, 0.5033954575477642, 0.5715243971490471, 0.6395939494614533, 0.7046521178805327, 0.7633551842595723, 0.8122085007115668, 0.847880096378652, 0.8675540787139238, 0.8692756122528733, 0.8522314286560454, 0.816912949476933, 0.7651245535115644, 0.6998251567781223, 0.6248218476104049, 0.5443624667479658, 0.4626926380992844, 0.3836470656072911, 0.3103341903066807, 0.24495092819725867]
6.674767078498867	1.971598865501938	[0.19585789031874112, 0.14914786983026454, 0.11116321421786086, 0.08119753481880927, 0.05823253543405799, 0.0411114390608044, 0.028676916554788056, 0.019866303855966865, 0.01376568339234057, 0.009630053466364495, 0.006879258863344323, 0.005079276244290616, 0.003916807046382955, 0.003172852562129775, 0.0026987096879721325, 0.0023960158733903557, 0.0022012169724681097, 0.0020740954554362805, 0.0019896586611273955, 0.0019326120738742646, 0.0018937127112988042, 0.0018674294715569134, 0.0018504781441220574, 0.0018409234816522716, 0.0018376388663662912, 0.0018399864562999124, 0.001847630559580725, 0.001860430426604378, 0.0018783797940357583, 0.0019015739625553765, 0.0019301931080443948, 0.001964495498251638, 0.002004816984615065, 0.0020515749396552677, 0.0021052756627886185, 0.0021665249985241327, 0.0022360421783754274, 0.002314677295334513, 0.002403432946507918, 0.002503490927109, 0.0026162450141757098, 0.00274334130062065, 0.0028867278202820293, 0.0030487158014256667, 0.0032320553937875605, 0.003440029615205647, 0.0036765711496930266, 0.003946408030464011, 0.004255245739120786, 0.004609995453780491, 0.00501906063853465, 0.005492697597462903, 0.0060434695139602946, 0.006686818693170878, 0.00744178757706263, 0.008331926520760272, 0.009386434320248905, 0.010641586875312505, 0.01214251838011569, 0.013945428277836413, 0.016120292412994185, 0.018754157004101612, 0.021955082506289896, 0.025856776687125323, 0.030623900435907205, 0.03645793732711482, 0.04360337144967862, 0.05235370729951478, 0.0630565742229429, 0.07611678767105372, 0.09199579640819049, 0.11120547451556484, 0.13429378837221254, 0.16181961583515428, 0.19431408372997175, 0.23222644806142162, 0.27585397909810694, 0.3252577104332592, 0.3801692714118465, 0.43989812764788994, 0.503252809290488, 0.5684931760667595, 0.6333321901351411, 0.6950037653802541, 0.7504070555051761, 0.7963268967499731, 0.8297160676753034, 0.8480099928507687, 0.8494319586493022, 0.8332406228198472, 0.7998745253568782, 0.7509614470634897, 0.6891820905586216, 0.6180033533668936, 0.5413204555567855, 0.4630634876554644, 0.38682853093797803, 0.31558550587213874, 0.25149683555932156]
6.427553482998909	2.066591234689786	[0.20304744477646347, 0.1564565138285251, 0.11811674181319547, 0.08747820330685642, 0.06366836319429267, 0.04565066997091876, 0.03235563763262187, 0.022775943081563263, 0.016024982393923397, 0.011363823260555836, 0.008204330364758488, 0.006096777045873286, 0.004709273735727451, 0.003804562447861297, 0.003217827826394111, 0.0028374953471505247, 0.0025897643329385604, 0.002426814214484767, 0.0023182149849874222, 0.002244899863593148, 0.002195077094018622, 0.002161529785563182, 0.0021398805992584626, 0.0021274960276562167, 0.0021228114233264373, 0.002124918247223312, 0.002133318946917408, 0.0021477802078962113, 0.00216824975344743, 0.002194807589694518, 0.0022276416428056683, 0.0022670349197289738, 0.0023133633526321805, 0.002367097689909701, 0.002428811752691027, 0.0024991928644114846, 0.002579057838736953, 0.0026693714505487093, 0.002771271260653013, 0.002886096432119575, 0.0030154248913487015, 0.0031611171571648135, 0.003325371948404004, 0.00351079277359559, 0.0037204718752661186, 0.00395809203714189, 0.004228054689676294, 0.004535636870004601, 0.0048871887711451865, 0.00529037769387626, 0.005754495301636295, 0.006290839101411736, 0.006913192908264673, 0.007638424924904681, 0.008487239591383807, 0.009485112624781713, 0.010663460566644745, 0.012061087243012808, 0.013725975261387583, 0.01571747525224389, 0.01810897115740799, 0.020991067721679846, 0.024475360632270734, 0.0286987799634498, 0.03382847721179404, 0.04006708282983545, 0.0476580689923178, 0.056890688504055306, 0.06810376021288814, 0.08168715996921899, 0.09807958415492661, 0.11776066780200686, 0.14123533443553116, 0.1690079985520768, 0.20154458394294147, 0.23922089244207073, 0.28225743188111724, 0.330642844170649, 0.38405124270906205, 0.44176207075913215, 0.5025947944722151, 0.5648731872412507, 0.6264349790772059, 0.6847003257236653, 0.7368070822921734, 0.7798113400134868, 0.8109399498693185, 0.8278690094079939, 0.8289922048622255, 0.8136377596343732, 0.7821956014783428, 0.7361273134693528, 0.6778496606462187, 0.6105039561204094, 0.5376438967687994, 0.46288855382463395, 0.38959190906609825, 0.3205744943773328, 0.2579483559228921]
6.180339887498951	2.171011360246534	[0.21026678726701672, 0.1639514103889717, 0.12538230693371943, 0.09415892943263218, 0.06955319391720068, 0.05065236256725465, 0.03648169686263238, 0.02609765310725189, 0.01864933439196681, 0.013411109359023536, 0.009792336949778192, 0.007331181377955145, 0.00567907256246416, 0.004581098900001254, 0.003856049147581161, 0.0033783465280838062, 0.003062936205844882, 0.0028533728291862638, 0.0027128645506338733, 0.002617801348351335, 0.0025532317164137447, 0.0025097923331071797, 0.002481674700478127, 0.002465308603682845, 0.00245852493632644, 0.0024600330233836873, 0.0024690984052954073, 0.002485347797159337, 0.002508652257727572, 0.0025390594493321797, 0.0025767553902957935, 0.002622045340996609, 0.0026753462316535387, 0.0027371876109003016, 0.0028082181856356643, 0.002889217709281184, 0.002981113145414673, 0.0030850000094210937, 0.0032021687193969977, 0.00333413753860767, 0.0034826926324371303, 0.003649937522172771, 0.00383835327953586, 0.0040508727366398035, 0.004290971249524779, 0.0045627788284589195, 0.004871218018333024, 0.005222174756822076, 0.005622709470291053, 0.006081319383705304, 0.006608263728165605, 0.007215968496676114, 0.007919529010078152, 0.008737335150220318, 0.009691846709016412, 0.010810554629823747, 0.012127166946536153, 0.013683067417394173, 0.01552909608228124, 0.017727707677235787, 0.02035555724587982, 0.023506557956730133, 0.027295428530471576, 0.031861714829264066, 0.03737419760148272, 0.044035508252555366, 0.052086623085441285, 0.06181072578194653, 0.07353567028229135, 0.08763399814607055, 0.1045191299069076, 0.12463606539322993, 0.14844469295637397, 0.17639380385333203, 0.2088841785858062, 0.24621989730887062, 0.28854834866930185, 0.33579144739101185, 0.387573136375127, 0.4431512242748814, 0.5013643787380794, 0.5606071000823492, 0.618845754461224, 0.6736866016699699, 0.7225015598761317, 0.7626094407599469, 0.791500296635894, 0.8070802083915786, 0.8079055001920953, 0.7933715540505368, 0.7638238261955335, 0.7205679997924608, 0.6657711904083163, 0.6022640418148707, 0.5332704861466516, 0.4621040864692984, 0.3918743762093865, 0.325242615807246, 0.26425512051168987]
5.933126291998993	2.286274792981667	[0.21746830750631876, 0.17160073632538994, 0.13294600938274645, 0.10124417217185193, 0.07590855116585565, 0.05615236172138805, 0.04110157235738144, 0.029884497073932138, 0.021694524226191857, 0.01582714288771449, 0.011695499797482967, 0.008830116820887546, 0.0068684534277238885, 0.005539189061508416, 0.004644887787150835, 0.004045451928942057, 0.0036436913612492476, 0.0033735291094216246, 0.003190836485756461, 0.003066599549651802, 0.0029819973607471606, 0.0029249609829105727, 0.002887828505650264, 0.0028657823663547385, 0.0028558279038963896, 0.002856137125188321, 0.0028656333748411614, 0.0028837323653688215, 0.002910183062175103, 0.0029449719718430524, 0.002988267343129345, 0.003040388837383415, 0.0031017935739721717, 0.0031730733336770927, 0.003254959712951643, 0.003348335732235763, 0.0034542530976154977, 0.003573955204719271, 0.003708906221921764, 0.003860827227388634, 0.004031740536818678, 0.004224023998268511, 0.004440477281289638, 0.0046844029801302155, 0.0049597058159565, 0.005271014308790475, 0.005623830108515377, 0.006024711725491529, 0.006481500753458926, 0.007003600913997588, 0.00760232235750236, 0.008291306823324877, 0.009087052323027109, 0.0100095602707862, 0.011083131992555234, 0.012337346663205276, 0.01380825696793266, 0.01553984340736665, 0.01758577021081298, 0.020011486054827575, 0.022896706566357554, 0.026338302645313297, 0.03045359176531083, 0.03538398683523904, 0.04129888872184467, 0.04839961164807173, 0.05692299393258206, 0.06714417113997884, 0.07937776902151218, 0.09397652610704185, 0.11132609583642296, 0.13183455655463178, 0.15591503015862695, 0.18395987672173933, 0.21630528948061833, 0.25318588692113364, 0.2946801610943458, 0.3406494341254706, 0.39067519687109303, 0.44400213028901964, 0.4994963015858954, 0.555629416424104, 0.6104999071555225, 0.661899460066397, 0.7074289776539885, 0.7446611018695822, 0.7713380545012918, 0.7855851240522265, 0.7861134972364261, 0.7723832243048957, 0.7446993175401356, 0.7042217202531731, 0.6528822020122169, 0.5932159316288098, 0.5281295075310458, 0.4606375085169866, 0.3936038737547478, 0.32952180101848744, 0.2703572016087807]
5.6859126964990345	2.414082252174749	[0.22459319632686064, 0.17936237620845602, 0.14078521714933426, 0.10873184900452633, 0.08275210601948203, 0.062185631068179884, 0.04626384881359611, 0.03419438934265592, 0.025223473788150024, 0.018675985376686664, 0.013975921593079683, 0.010651536359117498, 0.008329918015628816, 0.006725348470595148, 0.005624924194429939, 0.004873904564390762, 0.004362306789094588, 0.004013504935575262, 0.003775051245074128, 0.0036116028815070937, 0.0034996652659821416, 0.003423803382881334, 0.003373982268112938, 0.0033437421433472436, 0.0033289710097920994, 0.003327093252754445, 0.003336541633548246, 0.0033564185371194773, 0.00338628192800943, 0.0034260124219647214, 0.003475732995633347, 0.0035357627489669627, 0.003606593135128194, 0.0036888793026067556, 0.0037834423096224875, 0.00389127965808631, 0.004013583043636131, 0.004151762882564024, 0.004307479990185027, 0.004482685106379751, 0.004679667602767337, 0.004901114990543116, 0.005150185537791, 0.005430596719687751, 0.005746733116516125, 0.0061037780524442345, 0.0065078745077818845, 0.006966321924836522, 0.007487817285036644, 0.008082750499233142, 0.008763566610609818, 0.009545209701517635, 0.010445666671696973, 0.011486632174604093, 0.012694319932123322, 0.014100449008166928, 0.015743437276427644, 0.017669836236242617, 0.019936042018426973, 0.022610313727017713, 0.025775121915999122, 0.029529832105487784, 0.033993699364702507, 0.03930910307971768, 0.04564488375045847, 0.053199547674281256, 0.06220397992035668, 0.0729231455953154, 0.08565607195269578, 0.10073319658630683, 0.11850996936398804, 0.13935544218426238, 0.16363453598858693, 0.19168280739715932, 0.2237729422471725, 0.26007295501568306, 0.3005972366774127, 0.34515315608631136, 0.39328779284640836, 0.44424132679969264, 0.49691527820514925, 0.5498646931771544, 0.6013229903936599, 0.6492660716416869, 0.6915182547790009, 0.7258967870655559, 0.7503848318108698, 0.7633160441709503, 0.7635486533479969, 0.7506048169925948, 0.7247529873574112, 0.6870173918249478, 0.6391087408176122, 0.5832821972114146, 0.5221401154046711, 0.45840565768073827, 0.394697286513589, 0.333332558583539, 0.27618314381088693]
5.438699100999076	2.55649182600092	[0.2315688814927507, 0.1871813342285442, 0.14886603440199825, 0.1166109729439527, 0.09009561949037122, 0.06878464049456413, 0.052018174787839745, 0.03908970782271334, 0.029306545692359232, 0.022031500675090247, 0.01670715457495406, 0.012865768041856346, 0.010128617517306556, 0.008198485692745332, 0.006848489559981304, 0.005909663283271068, 0.005258925084180115, 0.004808371352107564, 0.004496317027171707, 0.004280143770968433, 0.004130806416499256, 0.0040287462038663, 0.003960932655498839, 0.003918771970691578, 0.0038966581813650817, 0.0038909871476239667, 0.0038994962707781158, 0.003920828581776953, 0.003954249238329449, 0.00399946400564593, 0.0040565057443068915, 0.004125665916420561, 0.004207456366293535, 0.004302591633063188, 0.004411985994832798, 0.004536761525198129, 0.0046782653864531395, 0.004838095395760748, 0.005018134013463155, 0.005220591240879479, 0.005448057753268578, 0.005703569831760819, 0.005990688498688288, 0.006313595594873945, 0.006677210551138208, 0.0070873321736452145, 0.0075508110940082935, 0.00807575946381855, 0.00867180626717788, 0.00935040803797002, 0.010125227151264755, 0.011012591822532487, 0.012032054934881048, 0.013207071188345656, 0.014565815327866015, 0.01614216629612341, 0.017976884538052115, 0.020119009571558735, 0.022627503563385266, 0.025573160071960227, 0.02904078606198637, 0.033131644183251784, 0.0379661112110002, 0.04368646010376536, 0.05045960739696555, 0.0584795765977993, 0.06796931460188746, 0.0791813572636978, 0.09239668396714451, 0.10792093633982351, 0.12607703448814492, 0.14719313433181772, 0.17158489110486108, 0.19953117956553823, 0.23124284777822365, 0.26682479564578876, 0.30623271305829214, 0.34922714918960696, 0.39532912329877457, 0.4437830111541039, 0.4935336583291048, 0.5432251853094854, 0.591228377635812, 0.6357015682935911, 0.6746864222464339, 0.7062352115264269, 0.7285606182197686, 0.7401937427670665, 0.7401319913770994, 0.7279569809314876, 0.703904336679317, 0.668872435800874, 0.6243651835393262, 0.5723734571288084, 0.5152091100510727, 0.45531251720218807, 0.39505811238398203, 0.3365815642438133, 0.281647469533718]
5.191485505499118	2.716013102218824	[0.2383057309669617, 0.19498639925953484, 0.15714001179419776, 0.12485853231531412, 0.0979421476873085, 0.07597706696560244, 0.05841361920377501, 0.04463643233602679, 0.03402153481057132, 0.025978206663062945, 0.019975853901595918, 0.015557857717196342, 0.012345234449080965, 0.01003315679934801, 0.008383128054944749, 0.007213076310139759, 0.006387019543083801, 0.005805368018598527, 0.005396446955695912, 0.005109465269422365, 0.004908920632444232, 0.004770296432265287, 0.004676845666237876, 0.004617245295043961, 0.004583921194971103, 0.004571873844106881, 0.004577868349806459, 0.004599884020589688, 0.004636745618232343, 0.004687880109670247, 0.0047531592816764815, 0.004832800887406889, 0.004927309790858219, 0.00503744683933897, 0.005164217489184395, 0.005308875226828813, 0.005472936855908042, 0.005658208193574897, 0.005866819732398209, 0.0061012726518361125, 0.006364496197539738, 0.006659918080735437, 0.006991550127682524, 0.007364092088850042, 0.007783057223240102, 0.00825492415181133, 0.008787320440113341, 0.009389244568292784, 0.01007133427949943, 0.010846190903967162, 0.01172877100881628, 0.012736858734205441, 0.013891634245016883, 0.015218355883988842, 0.016747175496860497, 0.01851410785325689, 0.02056217543174847, 0.022942748539104694, 0.02571709655987435, 0.02895815791968917, 0.03275252203603494, 0.037202594132054574, 0.042428880346633654, 0.048572283506656364, 0.055796236092776924, 0.06428841465021744, 0.07426167837051528, 0.08595375692722511, 0.0996250858286963, 0.11555406632555894, 0.13402893356286777, 0.15533538463749005, 0.17973918915006148, 0.207463228416333, 0.2386588335766247, 0.2733719552613319, 0.311505606545073, 0.35278114022268914, 0.39670214782241514, 0.44252592439561955, 0.489248278702744, 0.5356076871821809, 0.5801140990938645, 0.6211058894645597, 0.6568354815049191, 0.6855802235148979, 0.7057706894617789, 0.7161244153214368, 0.7157700633827033, 0.7043459626464922, 0.6820584780420703, 0.649689824714693, 0.6085512997015109, 0.5603854424356352, 0.5072279889444002, 0.45124623263835656, 0.39457341960395004, 0.33915853752635733, 0.28664746354008186]
4.94427190999916	2.8957309032005734	[0.24469273630105928, 0.20268577970371918, 0.16553981767522563, 0.13343533257780962, 0.10628223149288227, 0.08378253508151008, 0.0654961662721108, 0.050902568909809244, 0.03945314263557219, 0.030611848208223165, 0.02388341967129139, 0.018830178379295875, 0.015079401464825134, 0.012323601203615782, 0.010316045976119176, 0.008863549078215778, 0.007818110799622373, 0.0070685325540316155, 0.006532702351161703, 0.006150915143317418, 0.005880349559955235, 0.005690666014829633, 0.005560603812695441, 0.005475417335861029, 0.005424986592727292, 0.005402451128850782, 0.005403238868741244, 0.0054243861050570765, 0.005464068165615853, 0.00552128021666515, 0.005595623939539833, 0.005687168350458024, 0.005796362566078557, 0.005923985210140434, 0.006071120221014387, 0.006239152333465369, 0.006429778091870473, 0.006645030009053493, 0.006887312853219707, 0.007159451997283184, 0.007464754620617597, 0.007807085211067609, 0.008190957532519905, 0.008621645861757272, 0.00910531908674468, 0.009649202038801357, 0.010261769421224838, 0.010952978721472863, 0.01173454976369099, 0.012620299868275505, 0.013626545127444054, 0.01477257981406984, 0.01608124755432915, 0.017579619222168816, 0.019299793569534422, 0.02127983676551524, 0.023564876047457363, 0.026208359562736046, 0.02927348855436108, 0.03283481770225511, 0.03698000347542529, 0.04181165649963511, 0.04744922057416738, 0.0540307555368181, 0.06171444251891791, 0.07067955697065434, 0.0811265688969913, 0.09327593440346361, 0.1073650469648117, 0.12364273399738135, 0.14236063596314139, 0.1637608183376112, 0.1880590762506816, 0.21542363301469508, 0.24594934124511175, 0.27962808756118057, 0.31631687461149666, 0.3557059615388511, 0.39729039238464975, 0.44034907965914416, 0.48393614034111737, 0.5268891792453014, 0.5678584753836904, 0.6053594167733445, 0.6378480526227324, 0.6638164762059373, 0.6819013118921371, 0.6909954228170577, 0.6903507395628713, 0.6796594429242248, 0.6591020201280224, 0.6293540118723254, 0.5915482189972411, 0.547194989399556, 0.4980689465645159, 0.4460750942783865, 0.39310978323054085, 0.3409321045146882, 0.29105894404053456]
4.697058314499202	3.0994692688264225	[0.25059173141644847, 0.21016127493805456, 0.1739734459962263, 0.14228038332715634, 0.1150886610441934, 0.0922079980975195, 0.07330496641046329, 0.05795550591732871, 0.045691623121487855, 0.03603944073696392, 0.028547455217498078, 0.02280522887310749, 0.018453686682982445, 0.015188702142382665, 0.01275980396077521, 0.010965719041772072, 0.009648191057851056, 0.008685173135597095, 0.007984153421556629, 0.007476078165242502, 0.007110105305980796, 0.006849257613344922, 0.0066669383707938686, 0.006544214592368876, 0.006467747408056019, 0.006428247065433582, 0.006419339489332473, 0.0064367479299759596, 0.006477710497755767, 0.0065405717298759195, 0.006624500596535157, 0.006729299922671626, 0.00685528137391913, 0.007003187929057429, 0.007174150892560498, 0.007369672966217558, 0.007591631517477251, 0.007842298734648725, 0.008124376628303601, 0.008441046418608314, 0.008796032486742633, 0.009193682231785067, 0.009639063587507872, 0.010138083012620092, 0.010697627178879371, 0.011325732714496255, 0.01203178888876344, 0.01282677942481618, 0.013723570313054174, 0.01473725197226666, 0.015885544872485564, 0.01718927923021168, 0.018672959934765646, 0.020365428918077227, 0.022300636770331873, 0.02451853495680522, 0.02706609709679866, 0.02999847375513462, 0.0333802770464878, 0.037286980257080424, 0.04180639990248552, 0.0470402043496886, 0.05310536004918136, 0.06013538533302133, 0.06828122867703948, 0.07771152724580674, 0.08861193085705334, 0.10118310521958969, 0.11563696052791148, 0.1321906049764637, 0.15105751036475903, 0.17243542676665963, 0.19649071520685954, 0.22333901316519844, 0.25302252100989064, 0.28548471185072827, 0.32054390035468583, 0.357867818831221, 0.396952049671886, 0.4371057377345976, 0.47744829451657966, 0.5169206549492849, 0.5543139109074823, 0.5883167569580644, 0.6175811666774375, 0.6408032478763765, 0.6568136060941835, 0.6646692127018446, 0.6637371974825211, 0.6537606027456567, 0.6348972149136326, 0.6077251602800233, 0.5732127369391629, 0.5326544105519764, 0.48757929168594505, 0.43964197371544234, 0.39050770761873493, 0.34174417166977017, 0.29473056138215487]
4.449844718999244	3.3334948313432085	[0.023555299030056542, 0.005345395025120353, 0.024282568832817986, -0.0039006169200068858, 0.025879518743883168, -0.009408229351040954, 0.027610018313311724, -0.01252522922943512, 0.029095269128135197, -0.014186612481838196, 0.0302151373043147, -0.014989174822789532, 0.030982159145227735, -0.015299627154074368, 0.03144992255348994, -0.015344916023869212, 0.03166379422252032, -0.01527407012233993, 0.03164244829222493, -0.015195422263662543, 0.03137827206623944, -0.015193844536609831, 0.030851355290214103, -0.015328037703473102, 0.030059791974646123, -0.01560151949510083, 0.02907684195011053, -0.015894144897677112, 0.028152309562612037, -0.015835692895055778, 0.027878599312403253, -0.014604031336564835, 0.02943462832745859, -0.010646682096418836, 0.03489195501776112, -0.0013685006284709228, 0.04750539713028964, 0.017092114025870173, 0.07181486525995011, 0.0497729200392705, 0.11328785313176765, 0.10218627876117797, 0.17721390318227248, 0.1787735000521845, 0.26673929576099253, 0.2805922499614167, 0.3803748904907646, 0.40287126157521735, 0.5099184230298879, 0.5336349529328138, 0.6401382616776535, 0.6547129051610862, 0.7512722967811796, 0.7456865509554731, 0.8241831825128887, 0.7897819746469259, 0.8463524927401418, 0.7792346053470122, 0.8158935564981242, 0.7173940167118655, 0.7413945492563334, 0.6163481642980517, 0.6376002215936702, 0.4913881670484934, 0.5193926412940746, 0.35555357286976186, 0.3975582887322431, 0.2174099447272031, 0.2786136093195939, 0.08301802875640307, 0.1681540591369992, -0.03993944505076641, 0.07455999968559834, -0.13971500584688168, 0.009336426649387719, -0.2026881309898529, -0.017323403869737297, -0.21971466689918817, -0.003253182592539927, -0.19249224750829352, 0.041700486218816835, -0.1349982889653938, 0.09809108782533693, -0.0682618742527894, 0.14482286373862419, -0.011546099173591617, 0.1677470812047046, 0.024599760705491747, 0.1638563892603635, 0.03983153861461264, 0.13955194417724193, 0.04055445545371117, 0.10535757346053654, 0.034806016172576726, 0.07078467974697267, 0.028583789393427095, 0.04165802124453166, 0.024713682575499107, 0.0200079875860652]
4.202631123499286	3.2932139271455934	[0.13777879499732876, 0.14735750675936743, 0.17587067169588289, 0.16938903191182564, 0.20981859768796363, 0.19203647746521235, 0.24270511356594437, 0.21952671436104776, 0.28077790016512827, 0.2582804535633436, 0.3312543955553262, 0.31425158381914664, 0.39931075343077804, 0.3900503604694381, 0.48552807840563506, 0.4829955380717801, 0.5846339164754597, 0.5845744250401982, 0.6856540610696795, 0.6811877793566212, 0.7732291344163503, 0.7559662404444878, 0.8299819679725443, 0.791667202498848, 0.8399882216912977, 0.7746251583180612, 0.7930848811305019, 0.6991188602623513, 0.688936578291796, 0.5706555908542097, 0.5390761812049947, 0.40633807861051924, 0.3653376002594573, 0.23129665079997158, 0.19449288706909992, 0.07197637553113499, 0.05085471610000403, -0.05117085019510072, -0.05014957705911895, -0.12855939388572982, -0.10482810457331597, -0.16211319569080104, -0.11975535036180932, -0.1620479343740407, -0.10733731097070523, -0.14185159907232048, -0.08080980252159985, -0.11382182473357529, -0.05066588107419806, -0.08657609161396565, -0.023260567399263674, -0.06464374331828979, -0.0011858012989519537, -0.04938639404413962, 0.015498964423267063, -0.04032768094948903, 0.02798263725012713, -0.03627067510161572, 0.037778969462047535, -0.03597772352520935, 0.04622933966379937, -0.03845637045226576, 0.05431761057076381, -0.04299471905047585, 0.06264970269750406, -0.049080112734275455, 0.0714902241795951, -0.056287970958996125, 0.08080200667375256, -0.0641852377652139, 0.09027489309181178, -0.07226743237391492, 0.09935318843999896, -0.07993584401221956, 0.10728096170715606, -0.08651394159421766, 0.11318542164260631, -0.09129353671621154, 0.11621345367982322, -0.0935899655755727, 0.11572590542018313, -0.09277529095414772, 0.11153744199222182, -0.08825891702979238, 0.104163778989111, -0.07940905450321645, 0.09500032945600811, -0.06546244441351012, 0.0863146286921993, -0.0455352579232402, 0.0809216522312628, -0.01886972717506752, 0.08148261403562818, 0.014643136095983444, 0.08956404726331135, 0.05385389763333259, 0.10486304387007983, 0.0960992744976793, 0.12515908811124082]
3.9554175279993276	3.253421124186855	[0.5471511496067216, 0.46553676821598244, 0.4074289589159752, 0.30619636054825716, 0.2584457614092356, 0.15104698034140387, 0.12224641094189577, 0.019976041830673762, 0.015693655356326493, -0.07444555613383172, -0.05310602839859871, -0.12900838517824242, -0.08520995954514142, -0.14872019986703827, -0.08839691968081513, -0.14345936018316602, -0.07335043052879825, -0.12413736697267042, -0.050165463020372045, -0.09983044773118543, -0.026251992288972535, -0.07649438292921712, -0.005801098718483071, -0.057050966299597446, 0.009665753193012779, -0.0422220463455012, 0.020322486576451783, -0.031508547497909725, 0.027132296716716756, -0.023959018673473456, 0.031229986662719575, -0.018627217597816922, 0.03360246076003878, -0.014771950353770186, 0.03497953496855094, -0.011900704166785764, 0.03583578828626194, -0.009744684657714442, 0.03643203469400891, -0.008219049571160875, 0.03685876121167492, -0.007391560662309615, 0.037069835425494524, -0.007461659614653948, 0.03691204400759934, -0.008737747652721173, 0.03616813952870235, -0.011589600792263122, 0.03464025221154665, -0.016345026405664376, 0.03230415950333965, -0.023100594800982144, 0.02955391620455905, -0.03143744383753355, 0.027516946490577343, -0.040088373056446525, 0.0283425100796606, -0.04669341792921533, 0.03526542049133563, -0.04787579911213102, 0.052180826319443874, -0.0398876737378262, 0.0825381592345682, -0.01990856487264847, 0.1276647442793184, 0.012316815261925296, 0.1851246041058623, 0.05330122972166207, 0.24813668877720207, 0.09611194657012379, 0.3069852934911441, 0.13270189081170436, 0.35248213987794164, 0.15768569777141184, 0.380182945980748, 0.17174901129827935, 0.3931309061555006, 0.18257363394881132, 0.40129921627660714, 0.20229895823565158, 0.41764313039970213, 0.24252025638745378, 0.4526182400723866, 0.30924153277606337, 0.50976959215871, 0.40004134402461333, 0.5841071302864795, 0.5042584241922079, 0.6633322732844729, 0.6055024800888604, 0.7308553569133389, 0.6852448601017518, 0.7694793873710913, 0.726606574578174, 0.7651339699669248, 0.7179576513016319, 0.710317282686688, 0.655943852539776, 0.6066461434853712]
3.7082039324993694	3.215098157474703	[0.6048720936895888, 0.5992105494031283, 0.6074304885971803, 0.5739066767106762, 0.5809166619146601, 0.5219418622736814, 0.5277861091985618, 0.4477928095500179, 0.4546868667571249, 0.3598390700939964, 0.3711459010267344, 0.26848248682456816, 0.2874090653792059, 0.1836813080848665, 0.21217925618754552, 0.11277583469525213, 0.151030313607613, 0.05932489067088298, 0.10593341142446022, 0.023190480186673718, 0.07582713931145968, 0.001581493840664916, 0.05777956340768453, -0.00953075373033041, 0.04819780883696739, -0.014184817570907282, 0.04370499714423992, -0.015695908802560887, 0.04156696616063349, -0.016431880335306293, 0.03976160385572025, -0.017923097545083477, 0.036877327693522366, -0.02107999328728094, 0.03201786931921369, -0.026339876727615508, 0.024823127655643873, -0.03365218257374081, 0.01563048681365231, -0.04230352440839091, 0.0057180931975051585, -0.05067549981017816, -0.0025073133982123075, -0.05612231487040553, -0.005588508436095818, -0.05522719701507661, 0.00039885407736406364, -0.044669158807013165, 0.01862418151405265, -0.02270630074840696, 0.049827539495587825, 0.009153786427334776, 0.09084608699656815, 0.04517783939043962, 0.13431325626723623, 0.07609122072296348, 0.17027988502493935, 0.09178943949484258, 0.18959830362091612, 0.08527897857325839, 0.18772431068600648, 0.056009376343557626, 0.16696930209925132, 0.010705845499987987, 0.1358250658565976, -0.03896370615194389, 0.10558246875517918, -0.08075480517881983, 0.08601420415426109, -0.1059897104590557, 0.08229627110501436, -0.11154691952739038, 0.09439184837075931, -0.09920030372772093, 0.11861581899548201, -0.07326221922826193, 0.1500988085003785, -0.038055091786192374, 0.18484739991198662, 0.003665021413771785, 0.22074643636384883, 0.05103176690627398, 0.25754888120629993, 0.10447677658218335, 0.29624833768872066, 0.16476499242746268, 0.3382191496712187, 0.23207117657737114, 0.3843478418511847, 0.30528669472861425, 0.4342595626930995, 0.3815967721346333, 0.485730717801202, 0.456344261283118, 0.5344343844737216, 0.5232483637570229, 0.5742050513351009, 0.5750845468773195, 0.5979570090542583]
3.4609903369994113	3.174867379042834	[0.032539399772097966, 0.033175996742969616, 0.04496571907524599, 0.0301181522430935, 0.056088146821650975, 0.027949329651016958, 0.06611120407682494, 0.026956213238511356, 0.07551453530673186, 0.027709434896906027, 0.08499401208126078, 0.030956737575605464, 0.09534818960065128, 0.03746102051160499, 0.10737635294519748, 0.04787581296012783, 0.12184384858870245, 0.0627212366102276, 0.1395264500980536, 0.08246405462232803, 0.16130005255854457, 0.1076542821943488, 0.18822256199856668, 0.1390519369888113, 0.22156454386561153, 0.17768794943817406, 0.26276616534567854, 0.2248237792250194, 0.31331014294254406, 0.2817879028247755, 0.37449686434060403, 0.349670352460331, 0.44709717104110847, 0.4288581234154676, 0.5308577638379317, 0.5184104170194631, 0.6238618256801106, 0.6153190654728709, 0.7218155216299316, 0.7137843071973597, 0.8174385013605373, 0.804749796815338, 0.9002580282474567, 0.8760438652906729, 0.9571825271280439, 0.9134924886414296, 0.9741734442191682, 0.9032135470266283, 0.9390652760228473, 0.8349209731585387, 0.8451014046465506, 0.7055249157118075, 0.6942028269096142, 0.5218320461924537, 0.49865792639159134, 0.30105083932886395, 0.28012351560110793, 0.06832868199176698, 0.06566701547314924, -0.14837587739749758, -0.11821318115824381, -0.3246030926381225, -0.251668355855641, -0.44475695038569085, -0.3255830182247387, -0.5047092122194302, -0.3423627492416005, -0.5109793825601816, -0.31350112243024475, -0.4772095717488641, -0.2552163286554332, -0.41955221756143174, -0.18392275637657735, -0.35264126151893044, -0.11294119336097402, -0.28717630123589416, -0.051017945579186874, -0.22928693445787207, -0.0024268044422148805, -0.18120512585452603, 0.03199935010761945, -0.14254414509861413, 0.053578980232166895, -0.11159196050769105, 0.06467768097835702, -0.08628659819255635, 0.06795718053796973, -0.06478717606044404, 0.06594974372521833, -0.045708860741427215, 0.06084758805300705, -0.02814775501793987, 0.05440118524839643, -0.011611569370611141, 0.047867313591338556, 0.004072276886445736, 0.04199937158976841, 0.018848997516947463, 0.0371029484693991]
3.213776741499453	3.1345572587453776	[0.07522534798771174, 0.08364608786070427, 0.09387614321876982, 0.08744326472784997, 0.1138684050187319, 0.09470165012517692, 0.1356093076201552, 0.10588451872381542, 0.15956059015859364, 0.12148905446670742, 0.18622505795486788, 0.1420231308618823, 0.2161174278958169, 0.16794412159854386, 0.2497037150446788, 0.19955433139098447, 0.28729425979757744, 0.23685233857321517, 0.3288813337082639, 0.2793453807644837, 0.37392502462499894, 0.3258380934480289, 0.42111225519963646, 0.3742306845262835, 0.4681422493598666, 0.42138479639365556, 0.5116215751155639, 0.4631406681592914, 0.5471706132937344, 0.4945791429070291, 0.5698329883582423, 0.510596014480643, 0.5748228379938013, 0.5067789631468114, 0.558537239994013, 0.4804541938757674, 0.5196248174850462, 0.4316386403393019, 0.459790617415563, 0.36356058328656937, 0.38400237493042005, 0.2824634077617482, 0.299892956417551, 0.19660588891546635, 0.2164116675178342, 0.11466089607025494, 0.14206652883575527, 0.04396676002796532, 0.08328142260715116, -0.010830497127890679, 0.04336349140579139, -0.04834666274551443, 0.022340390071494784, -0.07014614037231368, 0.017598621335812248, -0.07976848327380093, 0.02499181507535922, -0.081502781197988, 0.039999872308890266, -0.07931232324745316, 0.058610658439744195, -0.07615865803643111, 0.0777827615374887, -0.07377549381188546, 0.0955255152599789, -0.07279174267258134, 0.11073320355956107, -0.07304047672941538, 0.12292439158566121, -0.07390527528389515, 0.1319956491355741, -0.07460981857612237, 0.1380419777826138, -0.07441449110794446, 0.14125151855749712, -0.07272463800222834, 0.14185847248191058, -0.06913425066656503, 0.14013176022323964, -0.06343097002203191, 0.13637990167840952, -0.05558111171103808, 0.13095867728369004, -0.04570385644377173, 0.12427419993418143, -0.0340365060554238, 0.1167789556721841, -0.020890045198689533, 0.1089616883638535, -0.00659614684400206, 0.10133346542922445, 0.00854877426787426, 0.09441222048743539, 0.024333016940486674, 0.08870763302354356, 0.040662864922920025, 0.08470852008824986, 0.05757434800896465, 0.08287600037654858]
2.966563145999495	3.0942469841792692	[0.15292414033920665, 0.1611160208404577, 0.1612460763288461, 0.15323790955302405, 0.16866483070314478, 0.14629016650014862, 0.17513334433649413, 0.140306001772698, 0.1806309169202807, 0.13529449684415484, 0.18515963783991382, 0.13124245026417475, 0.18874405563187735, 0.12811356390424739, 0.19143264408968527, 0.12584688529508573, 0.19329887991697603, 0.12435673395720069, 0.19443988906688683, 0.1235357624916658, 0.19497156954307393, 0.1232615759419915, 0.19502047989672058, 0.12340593258899547, 0.1947140675850176, 0.12384449955630653, 0.19417153254393085, 0.12446480266076998, 0.19349754864426666, 0.12517046933773748, 0.19278027460909128, 0.12588090386233663, 0.19209389590494766, 0.12652676821302056, 0.19150476157869048, 0.12704267664632546, 0.19107935296457607, 0.1273590918580026, 0.19089200218430952, 0.12739547898761033, 0.1910304313175808, 0.12705644157013316, 0.19159764640956356, 0.12623201639346518, 0.1927093106732629, 0.12480270127426625, 0.19448631919390147, 0.12264920215320231, 0.1970428796360534, 0.11966629776442742, 0.20047101046048788, 0.11577958514947723, 0.2048230314727002, 0.11096318993238152, 0.21009428986108392, 0.10525590965593848, 0.21620887401479266, 0.09877291669845292, 0.22301118079679927, 0.09171031537768208, 0.2302657156350796, 0.08434066539144944, 0.23766637209013425, 0.0769989842323, 0.24485484646629452, 0.07006042136660126, 0.2514461907131977, 0.06391230086207984, 0.25705826278044397, 0.05892412375074603, 0.2613413460684203, 0.05541918300702392, 0.26400455207251117, 0.053650756955108875, 0.26483656297527436, 0.05378475555206187, 0.26371940012665784, 0.055889627870621274, 0.26063482874868615, 0.059933604198583346, 0.25566354174740197, 0.06578899511726125, 0.2489774837130095, 0.07324311794817502, 0.24082583454204423, 0.08201519010423874, 0.23151552401761424, 0.09177803314529503, 0.2213877810149431, 0.10218269956500103, 0.2107929894450183, 0.11288340984676094, 0.20006671517471084, 0.12355981269143841, 0.1895098541265327, 0.13393383220596655, 0.17937524532922797, 0.14377931369825445, 0.16986185029200904]
2.719349550499537	3.053943772062668	[0.15079567211538203, 0.16327014757063277, 0.15908531453536265, 0.15538852048405316, 0.166539108905083, 0.14837801149109278, 0.1730949775362531, 0.1422842871531549, 0.1787226869030043, 0.13712301625302736, 0.18342038635838326, 0.132882864814678, 0.18721204775717157, 0.12952772291381864, 0.1901454181902311, 0.12699875860943868, 0.1922897640593295, 0.12521705704355668, 0.19373270310708207, 0.12408740999154956, 0.19457576569451865, 0.12350336047605114, 0.1949288574212268, 0.12335305752600173, 0.19490431131239302, 0.12352504153036169, 0.19461153110987556, 0.12391291688138639, 0.19415322683376743, 0.12441803327971085, 0.1936239283374652, 0.12494973791829546, 0.19311093065661114, 0.1254233439601617, 0.19269723206235334, 0.12575652347053767, 0.1924655282010195, 0.12586523721493847, 0.19250203443960712, 0.1256604810402819, 0.19289886788568666, 0.12504704696490307, 0.19375391447505153, 0.1239252044474583, 0.195167482340197, 0.12219576441945197, 0.197235536975084, 0.11976845769285377, 0.20003986744647465, 0.11657299641895438, 0.20363609107459643, 0.11257164903767795, 0.20804090528115843, 0.10777171400174108, 0.21322036328508936, 0.10223600885695712, 0.21908109801642547, 0.09608948403302753, 0.22546627041564052, 0.08952038259132751, 0.23215754310257444, 0.08277499522236453, 0.23888362048853887, 0.07614592045658367, 0.24533497465158421, 0.06995467716134902, 0.2511834722939776, 0.06453033987003845, 0.2561049176816721, 0.06018641070952309, 0.2598021634879364, 0.05719831411325765, 0.2620264568442256, 0.055783712157288286, 0.2625950245028292, 0.05608738498933021, 0.26140343653584236, 0.05817183718324569, 0.25843188959814567, 0.062014195050394995, 0.2537451248116248, 0.06750941565911721, 0.24748620888014267, 0.07447934144545171, 0.23986487366191855, 0.0826866819858999, 0.23114155021024094, 0.09185257772720705, 0.2216086371428775, 0.10167603498877348, 0.21157084937834458, 0.1118532990476594, 0.2013266071132776, 0.12209524934375068, 0.19115226008342948, 0.13214122109734702, 0.18129046949992528, 0.14176826770327094, 0.17194334939812267]
2.4721359549995787	3.013642408143706	[0.14884741467783583, 0.16526916207790676, 0.15705495471706238, 0.15743202537559778, 0.16449941115639788, 0.150398172757262, 0.1711089291012196, 0.14422270329719797, 0.17684446939901752, 0.13892932741576225, 0.18169690169964298, 0.13451335256000407, 0.18568397687277338, 0.13094474673011888, 0.18884720890774376, 0.12817134619670956, 0.19124853538714764, 0.12612236668945753, 0.19296660596228818, 0.12471232535360818, 0.19409266374794687, 0.1238453155938135, 0.19472618124446944, 0.12341936958079547, 0.19497060870985083, 0.12333047853063132, 0.1949297081053051, 0.12347578869681838, 0.19470492659468766, 0.1237555839162331, 0.1943941003551333, 0.1240738902170615, 0.1940915068121225, 0.12433784172964604, 0.1938889675436391, 0.12445625554447703, 0.19387742205674352, 0.12433810183103804, 0.19414821152998366, 0.12389166836024725, 0.19479327397850144, 0.12302517797911415, 0.19590357045804355, 0.12164942588977314, 0.19756532021126688, 0.11968268808794988, 0.1998539840233384, 0.11705775796525883, 0.20282634834530344, 0.11373055074006992, 0.20651146868912257, 0.10968933651457426, 0.21090156701860424, 0.10496338419719345, 0.2159441848306312, 0.09962967535578764, 0.2215369232073343, 0.0938164177221176, 0.22752592738095417, 0.08770236337151156, 0.23370890271548939, 0.08151139155414115, 0.23984292530706416, 0.0755023890793884, 0.24565671083522286, 0.06995506292543902, 0.25086642625712346, 0.06515285209621287, 0.2551936648494271, 0.061364483634272875, 0.2583839267529339, 0.05882588837853941, 0.2602238869045764, 0.057724144342022735, 0.26055588094935206, 0.058184876539288694, 0.25928835586584514, 0.060264163542710796, 0.25640145794355046, 0.06394554231648242, 0.2519474089426677, 0.06914221708434869, 0.2460458043345962, 0.07570410666037085, 0.23887441899464323, 0.083428940750624, 0.23065649434217037, 0.09207627053008548, 0.22164577409466613, 0.10138302661011689, 0.21211071814932417, 0.11107917310060192, 0.2023193241041429, 0.12090209481856974, 0.19252580873100744, 0.13060861710583452, 0.1829600623188386, 0.13998396120762674, 0.1738203384265104]
