I_value	Tstar	ystar
8.399999999999999	2.0785309746892517	[0.28466969123326236, 0.29344060142853506, 0.30046530884680517, 0.30575890350356866, 0.30941166938289993, 0.3115791638025024, 0.31246840777275986, 0.3123219656761388, 0.31140165799066355, 0.3099733648246924, 0.3082939369568419, 0.30660073575665614, 0.3051038643608114, 0.3039807877877038, 0.30337279952105717, 0.3033826770250165, 0.30407286593312777, 0.3054636204169305, 0.3075306879439706, 0.3102023465592519, 0.3133558764111318, 0.31681386994156696, 0.32034114896024446, 0.3236434386201309, 0.32636930042411944, 0.32811706794562456, 0.32844854396129586, 0.32691086912117434, 0.3230671314365344, 0.31653489021301245, 0.3070299048887664, 0.29441025405073684, 0.27871417989423014, 0.2601840370716975, 0.2392692894537267, 0.2166039651249318, 0.19295821757968062, 0.16916888292977877, 0.14605884639207226, 0.12435814479048587, 0.10463989729246242, 0.08728110766411198, 0.07245289633131313, 0.060138412350114225, 0.05017136828012636, 0.04228521556296191, 0.036162881190443565, 0.0314792245200682, 0.027931821459747715, 0.02525913863542985, 0.023247735371585882, 0.02173148276672335, 0.020586020126144362, 0.019721164536204844, 0.019073162200619307, 0.018597852846431034, 0.018265178741171055, 0.01805506365626422, 0.017954476757526986, 0.01795542799749524, 0.018053649070175745, 0.018247758853209346, 0.018538762202761055, 0.01892977766440376, 0.019425924194982958, 0.020034323412826703, 0.020764190359837852, 0.021626997698916618, 0.02263670441449029, 0.02381004444035032, 0.025166871379711724, 0.026730555275346676, 0.028528423997798903, 0.030592237034833773, 0.03295867084889745, 0.035669783835909144, 0.03877341291352952, 0.04232343435564055, 0.04637979714714203, 0.051008210750252414, 0.05627934162285227, 0.06226735046770363, 0.06904759026293955, 0.07669329496952018, 0.08527112989949172, 0.09483556045279616, 0.10542213272427903, 0.1170399505423814, 0.1296638653910748, 0.1432271429509086, 0.15761558489905073, 0.17266421060509834, 0.1881575759796065, 0.20383458072772664, 0.21939817338097406, 0.23452974331952234, 0.24890727652136505, 0.26222568141453245, 0.27421720589371085]
8.799999999999999	1.9809221911853245	[0.2896135988716129, 0.29856158201638705, 0.3055873386448107, 0.31071404175831546, 0.31405051786066746, 0.3157791179751511, 0.31613914684626515, 0.3154080589519724, 0.31388254350250666, 0.31186122585626963, 0.30963013798801026, 0.3074514881620236, 0.3055557007017128, 0.30413626886987, 0.303346695950569, 0.30329868534511445, 0.3040607567765471, 0.30565658266209356, 0.3080625333462147, 0.311204178039402, 0.3149518073240279, 0.31911542430329715, 0.3234400927310813, 0.3276030113766128, 0.3312141519805205, 0.3338226549490495, 0.33493127321712624, 0.33402080362734043, 0.33058546150786616, 0.3241784284790156, 0.3144643975456897, 0.3012731825726392, 0.2846459845214974, 0.2648645822761191, 0.24245441397097173, 0.21815576623773333, 0.1928629090874965, 0.1675379151386973, 0.14311223461943803, 0.1203928141746993, 0.0999891824831975, 0.08227329528650722, 0.06737633168483297, 0.055218414140691625, 0.045560859715458014, 0.0380677085492611, 0.03236418107828469, 0.02808338464045277, 0.024897342456271284, 0.022532670416427758, 0.020774004269484777, 0.019459375773640018, 0.01847150190921897, 0.017727985914813508, 0.017172275000581046, 0.016766235234071097, 0.016484527729854814, 0.01631060024664715, 0.016233962509067314, 0.016248405321137534, 0.01635087689684002, 0.01654080214403973, 0.01681969569825865, 0.017190971557007842, 0.01765988833122583, 0.018233594229665428, 0.01892125129337906, 0.019734228640885934, 0.020686360006402317, 0.02179426433829077, 0.02307772902654998, 0.024560154850233017, 0.026269058718363193, 0.0282366253397186, 0.030500290465622894, 0.03310332644563763, 0.03609538376839979, 0.039532920228190556, 0.04347942128471421, 0.04800528269086234, 0.05318719104604907, 0.05910680520283056, 0.06584851832027966, 0.07349607901223461, 0.08212788382147962, 0.09181083876074748, 0.10259283717632461, 0.11449412138164182, 0.12749807625999215, 0.14154231570452425, 0.15651121219890263, 0.1722312129092352, 0.18847029843400148, 0.20494270533323478, 0.22131952041671168, 0.237244999719996, 0.25235757412831433, 0.26631364627978604, 0.2788116499107281]
9.2	1.89104826886194	[0.29429692730367946, 0.30340747894118025, 0.3104189858923753, 0.3153631622982586, 0.3183682031628356, 0.3196442346281206, 0.3194637530119865, 0.3181397422135651, 0.31600400489486086, 0.3133877201888497, 0.3106055117611105, 0.3079435476297015, 0.30565152620854813, 0.30393791309141477, 0.3029675010748155, 0.3028602593638899, 0.3036904778348971, 0.3054853623097872, 0.3082224653982789, 0.31182563302640975, 0.31615950865570563, 0.32102307655163925, 0.32614324678549006, 0.33117007403743737, 0.33567580313635653, 0.3391604306011071, 0.3410666763777644, 0.3408069272542773, 0.33780358805326294, 0.3315421858176794, 0.3216335644416365, 0.3078779800991194, 0.29032068466717786, 0.26928681283614203, 0.24538425188802965, 0.21946738223139348, 0.1925618770858199, 0.16575962813690026, 0.14010080908497852, 0.11646436265358823, 0.09548698707897643, 0.07752399937709864, 0.06265529318981568, 0.050729267071041216, 0.04143029954473322, 0.03435292068160937, 0.029068187539161856, 0.025173189056772485, 0.022320762093494394, 0.020231430666005315, 0.018692341789093132, 0.017548592226082686, 0.016691511220531578, 0.01604699595468538, 0.01556555137419694, 0.015214590793004907, 0.014972901274269645, 0.01482687869207834, 0.014768077097128851, 0.014791669331441517, 0.014895513225843012, 0.015079608638746259, 0.01534580688541785, 0.015697685565105503, 0.01614053866204759, 0.016681452903436388, 0.017329456417112414, 0.018095733059860373, 0.018993901745547992, 0.0200403619548784, 0.02125470843990236, 0.022660216803021088, 0.024284399867824512, 0.026159629240249775, 0.028323809001546827, 0.030821075560507234, 0.03370248057779958, 0.03702658912223865, 0.04085989443862866, 0.04527691182354742, 0.05035977137395993, 0.05619708504621695, 0.06288182829943299, 0.07050796091016578, 0.07916553520816337, 0.08893412035658116, 0.09987453030061132, 0.11201908898712241, 0.12536099758250158, 0.1398437507624109, 0.15535192449999813, 0.1717049313445573, 0.18865540867528424, 0.20589367187334315, 0.22305908392245974, 0.23975829219812952, 0.25558919339757097, 0.2701684130236886, 0.2831592777208853]
9.6	1.8081411930607438	[0.2987562805178085, 0.30801888191825516, 0.31500489093635, 0.3197549447738608, 0.32241735088575924, 0.32323090769048735, 0.32250212931652494, 0.32058009446969077, 0.31783190428033165, 0.31462105986546146, 0.3112901698773769, 0.30814848033068964, 0.30546394080580447, 0.30345896839612424, 0.30230876181677374, 0.30214092423729283, 0.30303522398409866, 0.30502250705557526, 0.3080820393237408, 0.3121368860710433, 0.31704733918408307, 0.3226028972171879, 0.3285139073610085, 0.33440468413339586, 0.3398106702461942, 0.34418286637698764, 0.3469030996995278, 0.3473134118815269, 0.34476158336977963, 0.33866232172426985, 0.3285699470865386, 0.31425398554877715, 0.29576497143914365, 0.2734754599257236, 0.24808231471403794, 0.220561704979788, 0.19207755233898302, 0.16385537426881983, 0.13704321663970448, 0.11258611113918701, 0.09113804112513207, 0.07302609324339444, 0.058268293231218835, 0.04663402116777724, 0.0377278813223992, 0.031076384304128676, 0.026201076025114376, 0.02266920695743069, 0.020120597496027265, 0.01827477935598168, 0.01692496483313281, 0.01592534111454112, 0.015176653969827212, 0.01461308595860425, 0.014191749251013092, 0.013884986878172014, 0.013675094212436196, 0.013550880648393536, 0.013505518314887315, 0.013535240088501207, 0.013638577303205808, 0.013815934528361773, 0.014069376418731662, 0.014402553184857258, 0.014820723633701283, 0.015330854362373391, 0.01594178546767145, 0.016664460176686744, 0.01751222007169612, 0.018501170033836518, 0.019650618129382392, 0.02098359536066365, 0.022527458204889758, 0.024314572491554706, 0.026383069521628187, 0.028777653153491355, 0.03155041845551115, 0.034761616908848186, 0.038480268820377805, 0.042784480139316725, 0.0477612696170534, 0.053505657425579535, 0.060118716552222444, 0.06770425759410138, 0.07636382612627045, 0.08618976439495912, 0.09725625120829441, 0.1096085040416371, 0.12325070624446847, 0.13813368035912874, 0.15414379727584404, 0.17109498200872883, 0.18872581742503844, 0.20670353165421962, 0.22463600980249682, 0.2420919191817363, 0.25862772461951294, 0.273819051396499, 0.2872928374772338]
10.0	1.7315100804920966	[0.3030206464581561, 0.31242786907228404, 0.3193802703987947, 0.32392772500934686, 0.32623932581761966, 0.326583370204725, 0.3253011503505375, 0.3227783481052894, 0.31941750512822714, 0.31561418814466813, 0.31173838027807327, 0.3081215397531022, 0.3050488758178716, 0.3027557756240953, 0.3014269985937185, 0.3011971782712627, 0.3021512807017474, 0.3043238885168807, 0.30769648080107825, 0.31219223826120013, 0.31766834449313014, 0.3239063003433284, 0.33060145673962765, 0.3373538000378515, 0.34366294168630973, 0.3489311160278854, 0.35247850372385103, 0.3535749810133782, 0.3514909994325136, 0.3455673811340606, 0.33529934435616116, 0.3204246217806295, 0.3010003884271737, 0.2774508014657708, 0.25056826055497244, 0.22145825673059724, 0.19142935136380365, 0.1618437334494704, 0.13395552481531575, 0.10876907336508249, 0.08694530073772506, 0.06877166532359204, 0.0541946478473276, 0.04289874504581194, 0.03440753569337161, 0.028182333123941975, 0.023700605211508338, 0.020506076395599915, 0.018231301127147374, 0.0165991650855079, 0.015411651849046035, 0.014533308594440214, 0.013874538042118122, 0.013377448811088105, 0.013005140213392512, 0.012734226059481742, 0.012549926085849202, 0.01244299675364032, 0.01240787813591022, 0.012441611405425143, 0.0125432241184736, 0.012713402199271633, 0.012954336892801966, 0.01326968882674697, 0.013664634496282997, 0.014145981879375566, 0.014722347561230878, 0.015404397303413607, 0.016205152456701472, 0.017140369856795082, 0.01822900147237611, 0.019493742584524326, 0.020961673593172542, 0.022664998920323143, 0.02464187746278436, 0.026937329231679963, 0.029604182768353155, 0.032704003240933456, 0.03630790251876427, 0.04049708635165407, 0.04536293299953049, 0.05100633371238302, 0.05753595871918679, 0.06506506640394334, 0.07370646190448568, 0.08356527359200959, 0.09472937415174418, 0.10725756504619595, 0.1211660656010209, 0.1364143870102235, 0.15289223971501786, 0.17040960858635137, 0.18869235679015775, 0.20738554075530574, 0.2260659133730721, 0.24426388835276958, 0.2614936790856496, 0.2772887344857597, 0.291238334285656]
10.4	1.6605373372469374	[0.30711337517730597, 0.31666021376026465, 0.323573357641935, 0.32791217357217667, 0.3298671503222682, 0.3297368521050738, 0.3278980547484103, 0.3247735078856353, 0.3208013043471092, 0.3164088071063743, 0.311992767689215, 0.3079060136979065, 0.30445005722187596, 0.3018723154972524, 0.3003663011974605, 0.30007310226993394, 0.30108261085310084, 0.30343323131933353, 0.30710912310053023, 0.3120344303037789, 0.31806441610239494, 0.3249740219822481, 0.3324451377727501, 0.34005483214614934, 0.34726789037716177, 0.35343807826040086, 0.35782326912824886, 0.35961945550025953, 0.3580171540989371, 0.3522803246218497, 0.3418425936958816, 0.3264089368465157, 0.30604464526584485, 0.28122976171202035, 0.25285879711582804, 0.2221739158575051, 0.1906342496004342, 0.15974096066021723, 0.1308515736650425, 0.10502223440436932, 0.08291016007472365, 0.06475213637813007, 0.050414429415059955, 0.039492197067634426, 0.031428177192449745, 0.025622380626108245, 0.021514124164379547, 0.018629801484542304, 0.016599891060310283, 0.015154197851859919, 0.014105414416260975, 0.013329094661482532, 0.012745128826537475, 0.012302972113004212, 0.01197102189966322, 0.01172952103782261, 0.011566094611187471, 0.011473053736665987, 0.011445828635169946, 0.011482074917024717, 0.011581186279450336, 0.011744040558742135, 0.011972895807640596, 0.01227138022039605, 0.012644557571465797, 0.013099052077306585, 0.01364323483541839, 0.014287470102331525, 0.015044430839444135, 0.015929488294118006, 0.016961188173331667, 0.018161820809893477, 0.01955809717000013, 0.021181934653024526, 0.023071355085141434, 0.02527148175573281, 0.027835608904460876, 0.030826285702058254, 0.03431632259685749, 0.038389571374909774, 0.04314126901351232, 0.04867765365968888, 0.05511448620265818, 0.06257403825552188, 0.07118008352082203, 0.08105046582682035, 0.09228697828810617, 0.10496258392659126, 0.11910648506899732, 0.13468815515936883, 0.15160213796229394, 0.16965601707986475, 0.1885643080550906, 0.20795088263453942, 0.22736180007381054, 0.2462890387329737, 0.26420381730836545, 0.2805962777178389, 0.2950167859980373]
10.8	1.5946728472832092	[0.31105355066576645, 0.32073691691809786, 0.3276071010026108, 0.3317331609316556, 0.3333275390491451, 0.33271978185726153, 0.33032281142914727, 0.3265968735655535, 0.322015702466848, 0.31703818073385853, 0.3120872342941909, 0.30753624219420167, 0.3037021004578876, 0.3008433563082863, 0.2991615062701359, 0.2988035414802684, 0.29986401750275, 0.30238523220317043, 0.3063544601704166, 0.311697607439576, 0.31826914871349266, 0.3258388515891854, 0.33407664414790555, 0.3425380791371391, 0.35065414595077343, 0.3577304979214106, 0.3629621221459547, 0.36546950212274404, 0.36436070275546373, 0.3588199271839437, 0.34821680072321837, 0.33222267291435054, 0.31091253260151647, 0.2848266849187032, 0.2549683239896394, 0.2227234458897036, 0.18970721233983426, 0.15756134405792988, 0.12774327885877532, 0.10135281894643064, 0.0790326781467758, 0.06095841899773252, 0.04690848450553977, 0.03638560516254083, 0.028753121005254796, 0.023354474025409803, 0.01959699259689218, 0.01699564287306962, 0.015183366065880277, 0.013899704546750505, 0.012969319844330501, 0.012278938298608232, 0.011757479007150594, 0.011361052874247868, 0.011062656468976105, 0.010845577424871288, 0.010699397458190459, 0.010617665579958873, 0.010596582514398717, 0.010634274157670294, 0.010730403021715077, 0.010885976565312426, 0.011103276672248998, 0.011385871535090169, 0.011738691649645886, 0.012168163046715247, 0.012682397575268511, 0.013291444359631165, 0.014007609634260426, 0.014845854550962996, 0.01582428235729472, 0.01696472740382404, 0.018293458284376802, 0.01984200528181708, 0.021648116988673975, 0.023756840836888136, 0.026221705073161915, 0.029105952732621985, 0.03248373836199516, 0.03644114289254468, 0.041076789765840435, 0.04650175790791858, 0.05283839171983648, 0.06021752073122915, 0.06877354888471197, 0.07863689451942689, 0.08992340473690165, 0.10272067903795888, 0.11707174592138021, 0.1329572297301301, 0.15027794444584272, 0.1688405977977855, 0.18834975602362108, 0.20840915847337121, 0.22853469275655275, 0.24817980976144347, 0.26677206171218304, 0.2837572008744803, 0.29864543706978813]
11.200000000000001	1.533427458232375	[0.3148569664522209, 0.32467530066050293, 0.3315003752197187, 0.3354110910906426, 0.3366423525984109, 0.3355553613865691, 0.3325998101008076, 0.32827384269861276, 0.323086908633359, 0.3175291339150748, 0.31204903840198916, 0.30703976354002616, 0.30283270656354194, 0.29969668533346916, 0.2978404455046821, 0.29741635490110113, 0.298523376139495, 0.3012077598729057, 0.30546029733185365, 0.3112094070156364, 0.31830985029257075, 0.3265275528953046, 0.3355219411648042, 0.3448284400489218, 0.3538452915749017, 0.3618304424751251, 0.36791548872068014, 0.37114386353896167, 0.37053874633636075, 0.3652017649678087, 0.3544362107317988, 0.33787902504285816, 0.3156165777280604, 0.2882538919541392, 0.2569094039922613, 0.22311988848302272, 0.18866152938745023, 0.1553174921764204, 0.12464089493866737, 0.09776653297739857, 0.07531180053094655, 0.057381077201920996, 0.043658476469794774, 0.0335524929292386, 0.026349607187396797, 0.021342029044831543, 0.017911302871917695, 0.015566435641717051, 0.01394669917292658, 0.012803488407434298, 0.011974135611165518, 0.011356334679793117, 0.010887399876265727, 0.010529359571234872, 0.010259150336855706, 0.010062586281636381, 0.009930833812352073, 0.009858424483396695, 0.009842162096355661, 0.009880533173288042, 0.009973399274023596, 0.010121851770776982, 0.010328167606574776, 0.010595835854251239, 0.010929641835888342, 0.011335804819487155, 0.011822170953758428, 0.012398466848349495, 0.013076622204815955, 0.01387117237434674, 0.014799753884308181, 0.015883707511918536, 0.017148804060314868, 0.01862610671431162, 0.020352979609328036, 0.02237424317341452, 0.024743460572808552, 0.02752431301928733, 0.03079198126589625, 0.034634392636200294, 0.03915311498595898, 0.04446358145223354, 0.05069421903488193, 0.05798394541451127, 0.06647742044795356, 0.07631743453177309, 0.08763394125616276, 0.10052955486165441, 0.11506187632438523, 0.13122378301396062, 0.1489237384760648, 0.16796907755688156, 0.18805583659577765, 0.20876872926198764, 0.22959407336571616, 0.2499467823998048, 0.26921014297384993, 0.28678447992652734, 0.3021386220588919]
11.600000000000001	1.4763664566506642	[0.3185368375080783, 0.32848980487723267, 0.3352688669072269, 0.338962874663078, 0.3398296604763351, 0.33826271544241643, 0.33474909626553073, 0.3298252247384936, 0.32403632941773747, 0.3179035062129664, 0.31190030549563885, 0.3064388704399898, 0.3018642535080467, 0.29845472200165696, 0.2964255698307364, 0.29593403713683253, 0.29708324342189335, 0.2999234380911381, 0.3044492985783094, 0.310592458837345, 0.31820898650090973, 0.3270622433612403, 0.3368025730797798, 0.34694664335744013, 0.3568610100277147, 0.36575636230545067, 0.3727004667313273, 0.37665824299946893, 0.37656562820911244, 0.37143892788867816, 0.3605128381425122, 0.3433891937466219, 0.32016752242732965, 0.29152209257637585, 0.25869311353024527, 0.2233748653836289, 0.18750907552178195, 0.15302057180417009, 0.12155323732127991, 0.09426778219263622, 0.07174555701928918, 0.05401047744622658, 0.04064692209356741, 0.030968533834335798, 0.02418838704167991, 0.01955320484482287, 0.016424821348992785, 0.014311239674653106, 0.012861257424797063, 0.011839615553646547, 0.011096560832381887, 0.010540290176851423, 0.010115779294797317, 0.009790243909540444, 0.00954395923255803, 0.009364822109768373, 0.009245278466783639, 0.009180641773425816, 0.009168190310480464, 0.00920668975780248, 0.009296149251397559, 0.009437711676985814, 0.009633628881183152, 0.009887298698866407, 0.010203354416496883, 0.010587804952824312, 0.011048228743837289, 0.011594027784245219, 0.01223675115513164, 0.012990500050013329, 0.013872428759748215, 0.014903358171196293, 0.016108519576614157, 0.01751844626465696, 0.01917002719088713, 0.02110772922179452, 0.023384979378099583, 0.026065672793172727, 0.029225731535861107, 0.032954579606474736, 0.03735631655331084, 0.042550265357337386, 0.04867044429539591, 0.055863382302221896, 0.0642835921631471, 0.07408598271628535, 0.0854145935268274, 0.09838734398831595, 0.11307706053815464, 0.12948989178910997, 0.14754326872785745, 0.16704662997215025, 0.18768891364077248, 0.20903696320840276, 0.23054820048786437, 0.2515990715626093, 0.27152806726850015, 0.2896890941407098, 0.3055083926443923]
12.000000000000002	1.4231033913909943	[0.3221043287164842, 0.3321925804788079, 0.3389257329525472, 0.3424026538950267, 0.3429045317060448, 0.3408577473275521, 0.3367872888506235, 0.3312682175479888, 0.3248815984864411, 0.31817922913898694, 0.3116591452749221, 0.30575175941704363, 0.3008149689348193, 0.29713570572633674, 0.29493514306151564, 0.2943749095945696, 0.29556203704856576, 0.29855080636725567, 0.3033401199296106, 0.3098654840140031, 0.3179852379608405, 0.32746140380723815, 0.3379366196938588, 0.3489101461636179, 0.35971792230639416, 0.3695238664222657, 0.37733153800589964, 0.3820259522403513, 0.38245351929421567, 0.3775425430396267, 0.3664569313570114, 0.34876279350847694, 0.32457467997405415, 0.2946406943636514, 0.26032931061875386, 0.22349881144413677, 0.18626051976830355, 0.15068050252469145, 0.11848787388942277, 0.09085986084903828, 0.06833123816579537, 0.05083691701517329, 0.037857220848259224, 0.02861141282396462, 0.022243360963929693, 0.01796028032073033, 0.015110109260988892, 0.01320424181168073, 0.01190355474708343, 0.010987090087196694, 0.010317893894858637, 0.009814028958046546, 0.00942735864308775, 0.009129596206821838, 0.008903822291039391, 0.008739644559773975, 0.008630541330986197, 0.008572452042788625, 0.008563030813943977, 0.008601262098713638, 0.008687264298992203, 0.008822208908751092, 0.009008308522439508, 0.009248862533174982, 0.009548348836198978, 0.00991256594564267, 0.010348825755807364, 0.010866207403360275, 0.011475879551816715, 0.012191506489094504, 0.013029751613422976, 0.01401089858796321, 0.01515960864986099, 0.016505836623078668, 0.018085922899987655, 0.019943875350498175, 0.022132838372920426, 0.02471672485583721, 0.02777194353914125, 0.0313890964750738, 0.03567443098173355, 0.04075071884329192, 0.04675709112379247, 0.05384720923464779, 0.06218501439017477, 0.07193723730914248, 0.08326191839848114, 0.09629249195697931, 0.11111757442353229, 0.12775752157319314, 0.1461399864408648, 0.16607795698969852, 0.1872547105556615, 0.2092204178563766, 0.2314043446560706, 0.25314461564790447, 0.27373446296822296, 0.29248043108383887, 0.3087649838651161]
12.400000000000002	1.3732944118395247	[0.32556895448176465, 0.33579393835678073, 0.34248209878398056, 0.34574235146971394, 0.3458796329629786, 0.3433537860076182, 0.33872827337424727, 0.3326171442792747, 0.3256373524112141, 0.3183711366873792, 0.31134049065137265, 0.3049933928240598, 0.29969980819960484, 0.2957545840847438, 0.2933841332105241, 0.2927540091817185, 0.29397491520160746, 0.2971051847360744, 0.30214825340606977, 0.3090441131695881, 0.3176542872666951, 0.327740630023471, 0.3389394083043353, 0.3507338035308487, 0.3624302117853945, 0.37314630003279803, 0.38182109861343994, 0.3872583945100008, 0.3882128548209017, 0.3835221662383835, 0.37227732151943316, 0.3540081605537454, 0.3288462057336803, 0.297618038757732, 0.26182684227932124, 0.22350115800848075, 0.18492549442656583, 0.1483061183118504, 0.11545128877451714, 0.08754511532611595, 0.06506554810462381, 0.047850730994349784, 0.03527367109958223, 0.026460693021621916, 0.020491254360003736, 0.016539115104282732, 0.013943786023746902, 0.012223860046958458, 0.011054261020140134, 0.0102288257739137, 0.009623020957002147, 0.009164028311132222, 0.008809833876058165, 0.00853601197804418, 0.008327990587949021, 0.008176777302836223, 0.008076688036758574, 0.008024164831987618, 0.008017164322232892, 0.008054842845076496, 0.00813740097687999, 0.008266021227438792, 0.008442868216532761, 0.008671138136402612, 0.00895515345391912, 0.00930050398766213, 0.009714239169373178, 0.010205119290779932, 0.010783936496114043, 0.011463919256172411, 0.012261237199878774, 0.013195626220301947, 0.014291156437577389, 0.015577167092881353, 0.017089391654329933, 0.01887129137032468, 0.020975603467529868, 0.02346608712390716, 0.026419411141913093, 0.029927065676567312, 0.03409709032197347, 0.039055288016153385, 0.044945439960109884, 0.051927863049054175, 0.060175487739667945, 0.0698665336226047, 0.08117290075212462, 0.09424367325042822, 0.1091837396145489, 0.12602851716026284, 0.14471707240067797, 0.16506735164092526, 0.18675841028136356, 0.2093249777078806, 0.23216896595284706, 0.2545903948627223, 0.27583684232479533, 0.2951665923982146, 0.3119171665484721]
12.800000000000002	1.3266331791040804	[0.32893888667852883, 0.3393026937662858, 0.34594744200518635, 0.3489920913576952, 0.34876568833625005, 0.34576208167810507, 0.3405837334628505, 0.3338840164142641, 0.32631582375152557, 0.318491582861376, 0.31095673699200904, 0.30417615356557326, 0.29853112124395476, 0.2943236855800586, 0.29178488776499983, 0.2910837601866807, 0.29233444182302815, 0.29559932696655694, 0.30088666510682033, 0.3081415044007465, 0.31722941397334986, 0.3279132005563548, 0.3398240519689496, 0.35243037427128415, 0.36501009608743684, 0.3766351812324349, 0.3861798598594399, 0.39236543036599614, 0.3938526650255868, 0.3893860797612661, 0.3779816876018466, 0.35913258898697364, 0.33298930461603055, 0.30046158538529755, 0.2631937063416276, 0.22339048095638972, 0.18351273157073694, 0.1459053048488773, 0.11244902020817525, 0.08432508750588252, 0.06194473212677603, 0.045042381823619165, 0.03288146997701335, 0.02449768938022128, 0.01891132191643859, 0.015268685260964953, 0.012905905911809318, 0.011352013546352582, 0.010297408397063584, 0.009550847491126458, 0.008999640900310591, 0.008579296534513612, 0.008253186498095996, 0.00800018022418615, 0.00780765967374958, 0.007667780734554224, 0.007575540055217312, 0.007527788567761444, 0.007522727742559007, 0.007559651698644731, 0.007638821812421252, 0.0077614198033338294, 0.007929555795937541, 0.008146321143406727, 0.008415884005418052, 0.008743629458106403, 0.009136349740180672, 0.009602492708268255, 0.010152479931946663, 0.010799108700599415, 0.011558055918688024, 0.012448505133507808, 0.013493921479584425, 0.014723001532467328, 0.01617082565810483, 0.017880236721806466, 0.01990345889199538, 0.02230394879549332, 0.025158433608273172, 0.028559029054550152, 0.032615238114388295, 0.037455501621228425, 0.04322780496281285, 0.05009864982910681, 0.058249506147620714, 0.0678697206360477, 0.07914486137000468, 0.09223973034915718, 0.10727589085287867, 0.12430459865600897, 0.1432774593006081, 0.16401874854831622, 0.18620473252878042, 0.20935596125871148, 0.23284784997322908, 0.25594259978427647, 0.27784180176641127, 0.2977546295423637, 0.3149725174341914]
13.200000000000003	1.2828463485515782	[0.33222119317067667, 0.34272643522030094, 0.34932988990119984, 0.35216052709144446, 0.3515718358760253, 0.3480921915745148, 0.3423635624485425, 0.3350789708163742, 0.32692729913231555, 0.3185509193232343, 0.3105182343100675, 0.3033103497378809, 0.2973191645569075, 0.29285323669785096, 0.2901476509970482, 0.2893744897374004, 0.29065109576666687, 0.29404392138869334, 0.29956628357744186, 0.30716881717321703, 0.31672195027960937, 0.32799051230911663, 0.3406018620498907, 0.3540109090456663, 0.3674681890195617, 0.3800005360934511, 0.39041715631198304, 0.3973556585182353, 0.3993808300439865, 0.39514152134632086, 0.383576762074859, 0.36414251304217304, 0.3370103938903053, 0.30317805526290836, 0.2644371812764889, 0.22317461789133886, 0.18203017751283923, 0.14348511255710963, 0.10948578166832275, 0.08120063496558465, 0.058964688384544606, 0.04240252655201192, 0.03066670642583934, 0.022705341145067275, 0.017485084836179433, 0.014130674754709905, 0.011979436816358303, 0.010573519229180418, 0.009619760297664025, 0.008941662571391706, 0.008437673900202685, 0.008050823697921502, 0.0077491855664983764, 0.007514425685168339, 0.007335550093250175, 0.007205658123085098, 0.0071203037525942444, 0.007076673605222777, 0.007073170035826783, 0.007109198588353795, 0.00718506558545126, 0.007301943179134281, 0.007461883009927701, 0.007667871371677964, 0.007923924718819307, 0.008235228326688982, 0.008608323831690518, 0.00905135432912643, 0.00957437865147643, 0.010189769849792247, 0.010912716537185507, 0.011761849763244481, 0.012760021983141936, 0.01393526804241886, 0.01532197964872232, 0.016962322854990542, 0.018907919567376287, 0.021221794840762205, 0.023980555567690232, 0.027276705568698618, 0.03122090818543886, 0.035943872608982116, 0.04159736096906466, 0.048353597576234045, 0.056402136612634525, 0.06594306640937962, 0.07717538825241366, 0.09027962836046016, 0.10539435398413627, 0.12258736016122104, 0.1418238521127895, 0.16293576405341206, 0.18559799599554588, 0.20931820409970706, 0.23344621501649304, 0.25720676165537903, 0.2797551787501785, 0.3002507260910164, 0.3179376302565146]
13.600000000000003	1.2416895911105232	[0.3354220269328843, 0.3460717360348447, 0.3526364545969716, 0.3552550995555958, 0.35430590847567195, 0.3503522822291439, 0.3440761865121773, 0.3362106112031187, 0.32748047763451177, 0.31855786748460474, 0.31003367103897383, 0.30240460661129925, 0.29607249918775724, 0.2913517626110742, 0.2884809653239439, 0.2876348267768692, 0.2889336655159052, 0.2924479785321679, 0.29819637852540165, 0.30613557942384867, 0.3161416346858504, 0.32798241835332576, 0.3412826686115042, 0.35548505162540545, 0.3698137817307364, 0.38325115900576145, 0.3945411850646296, 0.4022366343590705, 0.4048042779879954, 0.4007948630941588, 0.38906849120185966, 0.36904365086628993, 0.34091523115149674, 0.30577354602185874, 0.2655639299275066, 0.22286076554896125, 0.18048508680145578, 0.14105185437186826, 0.1065655638688693, 0.07817203623469969, 0.056121059048654276, 0.03992207103107562, 0.028616341552848156, 0.02106809173277688, 0.016196090028531628, 0.013109122977017506, 0.011149816927517238, 0.009875598675556875, 0.009010302371394623, 0.008391769739538571, 0.007928802784013008, 0.007571165555436764, 0.007291009734077555, 0.007072366091567257, 0.006905590452915541, 0.006784560065041122, 0.0067052890967488074, 0.006665242657285673, 0.006662990090930237, 0.006698027894974145, 0.0067706953710605765, 0.006882148659601007, 0.007034378648796156, 0.007230267450011978, 0.007473683365698357, 0.007769617543308186, 0.008124368445386242, 0.00854578300191034, 0.009043566453890536, 0.009629676320247287, 0.010318819920432277, 0.01112907920492898, 0.012082691228012048, 0.01320701673674067, 0.014535732161020254, 0.01611027983148237, 0.017981604746085768, 0.02021218907364577, 0.022878361610891573, 0.026072800074089506, 0.02990704964136878, 0.034513741715894324, 0.04004800695673679, 0.04668734099109342, 0.05462892527278283, 0.06408318564691039, 0.07526228432170733, 0.08836242223604449, 0.10353943078431585, 0.12087827178002751, 0.14035874583731353, 0.16182173029318042, 0.1849421682343389, 0.20921612616139806, 0.2339687967396965, 0.2583878564500602, 0.28158217530686575, 0.3026603426943805, 0.32081828195831164]
14.000000000000004	1.202944106454732	[0.3385467762976236, 0.34934432277776756, 0.35587321988347154, 0.3582822420969089, 0.35697465683827023, 0.3525493695149885, 0.3457288206464429, 0.3372862785300245, 0.3279827537926892, 0.3185198120965116, 0.30951037605209347, 0.30146617488496324, 0.29479830307581817, 0.28982640152441985, 0.2867919857231062, 0.2858720147119533, 0.2871895583075912, 0.29081913498951784, 0.2967848576932956, 0.3050499756858749, 0.31549688964585315, 0.3278974934347013, 0.3418750723002591, 0.3568612758933846, 0.3720550639501214, 0.3863948176052211, 0.3985591942251554, 0.40701504218083095, 0.4101291413957423, 0.406351752840669, 0.394462162256656, 0.3738411186263766, 0.34470901660934755, 0.30825362398342765, 0.2665800836442898, 0.22245555921049143, 0.17888410117228531, 0.1386111885724001, 0.10369172336897103, 0.07523908078192904, 0.05340930743342657, 0.03759221002104764, 0.026718182671018168, 0.01957177246510082, 0.015029693515345879, 0.012190116898504653, 0.010404580840893402, 0.00924747130274653, 0.008459833930325142, 0.007893271442739259, 0.007466118078812089, 0.0071341239612918855, 0.006872959832159576, 0.006668651099757382, 0.0065126766170018925, 0.0063995586342632345, 0.006325694694264373, 0.006288783675567583, 0.006287535316621975, 0.006321521145156501, 0.0063911041911209705, 0.006497419980118607, 0.006642397528244803, 0.006828816500084837, 0.007060401176506807, 0.0073419547792106426, 0.007679540514418906, 0.008080718391256465, 0.008554850074693787, 0.009113487578801316, 0.009770865847681155, 0.010544523959169652, 0.011456084840610463, 0.01253222834755512, 0.013805896532576691, 0.015317771033207143, 0.017118057999572785, 0.019268601193962266, 0.021845312351450083, 0.02494085042195937, 0.02866738700777539, 0.033159152427771996, 0.03857425729379566, 0.045095029959115504, 0.052925823521307196, 0.06228698321485905, 0.07340352761909784, 0.08648723255534918, 0.10171138914890944, 0.11917868315159781, 0.13888444167424008, 0.16067972374537098, 0.1842409067740936, 0.20905378596720947, 0.23441991634107498, 0.2594903878733836, 0.28332745674489085, 0.3049883322985213, 0.3236195651395829]
14.400000000000004	1.166413576293509	[0.3416001858235328, 0.35254921087119495, 0.35904549124873136, 0.3612475452530664, 0.3595839281236937, 0.3546895108854544, 0.34732767315239194, 0.3383122668159092, 0.32844044294653596, 0.3184430347850705, 0.30895455837096214, 0.3005011751192057, 0.2935026182784808, 0.28828315339408006, 0.2850867282479396, 0.284092158611772, 0.2854250444812056, 0.289163893850342, 0.2953385018402914, 0.30391907546332425, 0.3147950417536493, 0.3277432448096182, 0.34238664443268774, 0.358147074303736, 0.3741992999427636, 0.38943841587603567, 0.4024776329814027, 0.411696832373342, 0.4153608819967965, 0.41181722698516876, 0.39976250533652785, 0.3785395219744327, 0.3483964756282392, 0.31062339875487305, 0.26749131143407173, 0.2219651385802584, 0.17723331662244196, 0.13616818972696834, 0.1008670596039589, 0.07240114597190757, 0.050824782539098806, 0.03540445560743345, 0.02496085231817613, 0.01820349124719258, 0.013972865700382243, 0.011361522574056466, 0.009733043879582022, 0.008680018498306906, 0.007960639158980919, 0.007439566896546656, 0.007043841798672569, 0.006734499833255588, 0.00649023827172858, 0.0062987615076312556, 0.006152486559693535, 0.006046472858942982, 0.005977441462222704, 0.005943288938978504, 0.005942845015998709, 0.0059757431618604325, 0.006042363363180534, 0.006143816936031807, 0.006281971029854886, 0.006459504968964916, 0.006680003704281052, 0.006948088898799302, 0.007269596828380032, 0.007651810110277988, 0.008103757515414301, 0.008636596431423553, 0.009264099862020243, 0.010003272374612444, 0.010875127332789666, 0.011905661445712014, 0.013127069701970872, 0.014579244547159396, 0.016311602528162127, 0.018385267445024816, 0.02087561214042465, 0.02387510388934059, 0.027496307174654313, 0.03187474992562, 0.03717115408885312, 0.043572256071743205, 0.05128912921728054, 0.06055160972687298, 0.07159724080913951, 0.08465322776745905, 0.09991045719924968, 0.11748982815179494, 0.1374030618950291, 0.15951258964250487, 0.18349759353370668, 0.20883492513430563, 0.23480353621966307, 0.2605184545439302, 0.2849952315416109, 0.30723903300932426, 0.32634599491026656]
14.800000000000004	1.131921506486025	[0.34458645509652563, 0.35569081432709093, 0.36215791795934504, 0.3641558897049703, 0.3621388106809731, 0.35677796007721946, 0.34887811064105606, 0.33929399630216184, 0.3288589623865478, 0.3183329008594725, 0.3083714992055106, 0.2995147927420529, 0.2921905485274427, 0.2867270780084852, 0.2833702683648873, 0.28230042201489697, 0.28364545256368634, 0.28748781635603543, 0.29386315267607555, 0.3027490156801378, 0.31404249825301006, 0.32752628108260834, 0.3428240876978718, 0.35934910906381395, 0.3762529699473264, 0.3923881251248972, 0.40630227221364495, 0.41628733174762517, 0.42050439102040155, 0.4171958016172681, 0.4049737754739595, 0.38314303069194827, 0.3519819257490253, 0.31288758515539905, 0.2683028766834716, 0.22139520391485973, 0.1755383395528406, 0.13372741104493463, 0.09809388032341995, 0.06965726467236921, 0.0483627707507041, 0.0333506583198102, 0.023333751326020395, 0.016951529446459945, 0.01301401395430933, 0.010612753823049489, 0.009126032832708771, 0.00816550854464141, 0.007506219603788624, 0.007025110343086963, 0.006657109497667232, 0.006367902531035408, 0.006138776831254302, 0.005958854484765346, 0.005821335484914707, 0.005721733187370237, 0.005657041867783888, 0.005625329222718378, 0.005625526887758355, 0.005657321195047797, 0.005721102699010391, 0.0058179568503401976, 0.005949688821843354, 0.006118880700916987, 0.006328982551053966, 0.006584441394674569, 0.006890874702171697, 0.0072552977030526, 0.007686417058444269, 0.008195007250927444, 0.008794390641819227, 0.009501047530347435, 0.010335388689901089, 0.01132272938469224, 0.012494510032029187, 0.013889812888046959, 0.01555722367242343, 0.01755707733108892, 0.01996410118190403, 0.022870416396392205, 0.026388766961877676, 0.03065569867708331, 0.0358341956547152, 0.04211499316010484, 0.04971543923790526, 0.058874426513478025, 0.06984166744122063, 0.0828596115268719, 0.09813681991555911, 0.11581283071263199, 0.1359165631912397, 0.15832296355750433, 0.18271536355360354, 0.2085630058598089, 0.2351233055019306, 0.26147580560241823, 0.2865893162832732, 0.3094163443788286, 0.3290015955463407]
15.200000000000005	1.0993089097149957	[0.3475093186614995, 0.3587730364223146, 0.36521459181842664, 0.3670115555507854, 0.3646437510452119, 0.3588192936765967, 0.35038479121625243, 0.3402361545040323, 0.32924297723153567, 0.3181940108481148, 0.3077657061964909, 0.2985114356796099, 0.2908664175620403, 0.28516245475635005, 0.28164689978367335, 0.2805011856205347, 0.2818553256381486, 0.2857956766662335, 0.29236386385235497, 0.301545148388816, 0.31324488926918065, 0.3272524492395472, 0.34319336600664585, 0.3604733350361724, 0.37822188473149654, 0.39524949049747066, 0.41003830244459144, 0.42079133317133155, 0.4255640709914036, 0.4224915463747585, 0.4100998201323523, 0.38765543902902805, 0.35546933271611403, 0.3150505532448061, 0.26901968601532894, 0.22075106164358266, 0.17380433708369358, 0.13129293587726196, 0.09537406153712176, 0.06700617999161353, 0.046018542252318634, 0.031423016344269514, 0.021827024253750958, 0.01580523999753878, 0.012142828421453523, 0.009934566034342753, 0.008575663045635895, 0.007697364609224851, 0.007091082056944491, 0.006645214559448275, 0.006301802245911293, 0.006030597532720305, 0.005815104675926334, 0.005645640098662051, 0.005516063817588013, 0.005422273115781658, 0.005361497750388005, 0.005331953115959627, 0.0053326597669086226, 0.005363348234166031, 0.005424415651365584, 0.005516919747741646, 0.005642604832610439, 0.005803958510503478, 0.006004301017064495, 0.006247911286058845, 0.006540196456547144, 0.006887914135747735, 0.007299460074108234, 0.007785237739345141, 0.008358131097379236, 0.009034107522439884, 0.009832984401295965, 0.010779400183832475, 0.01190403787787342, 0.013245154654380283, 0.014850472848987863, 0.016779480525791104, 0.019106166971288318, 0.02192216932852, 0.025340217105054356, 0.02949761427814416, 0.03455927788871916, 0.040719548258408095, 0.048201611241692456, 0.05725297716823041, 0.06813515392839353, 0.08110561304349298, 0.09639061837276927, 0.11414871038848133, 0.13442674971158863, 0.1571132895085677, 0.18189713037913907, 0.20824124149911707, 0.23538259886037194, 0.26236588570904174, 0.28811319015715847, 0.3115237890925517, 0.33158997256237216]
15.600000000000005	1.0684322849064418	[0.35037211270790475, 0.3617993428221856, 0.3682191294545844, 0.3698183110016012, 0.36710265120546964, 0.36081751405831236, 0.35185177468744894, 0.34114281074857655, 0.3295965204696994, 0.3180303231854919, 0.30714103971062046, 0.29749486163644656, 0.2895338983397046, 0.28359291145283244, 0.27992026390900054, 0.2786981752978778, 0.2800585489045476, 0.28409158697924247, 0.2908450244544505, 0.3003121605906497, 0.3124071845004045, 0.3269269462019022, 0.34349981127395074, 0.3615251000914441, 0.3801112798702426, 0.39802751823634186, 0.41369041442460347, 0.4252131694368755, 0.43054390294323247, 0.42770814588226475, 0.41514413424693236, 0.3920802162895082, 0.35886235514253684, 0.3171163707192472, 0.2696463274879236, 0.22003766486525358, 0.17203607743752258, 0.12886842632498766, 0.09270909657324727, 0.06444639743846167, 0.04378738454973917, 0.02961408467580199, 0.02043151696496352, 0.014754958552907076, 0.011350137124627794, 0.009318883542899834, 0.00807514329327479, 0.0072699789436934305, 0.006710560820866799, 0.006295898999145912, 0.005974409051419609, 0.005719390364067793, 0.0055162408799934145, 0.005356286572921178, 0.005233945964604612, 0.005145444866984975, 0.005088217224186476, 0.0050606077666948265, 0.005061714753190643, 0.005091306276797742, 0.005149782559226702, 0.00523817266748137, 0.005358161223118785, 0.005512144480427566, 0.005703317768233093, 0.0059357985844428465, 0.006214792012129769, 0.006546807843306957, 0.006939942055260184, 0.007404239272724525, 0.007952157741987629, 0.00859916427457929, 0.009364493622445779, 0.0102721146418557, 0.011351953796132436, 0.01264143371317049, 0.014187388114358034, 0.016048410035138443, 0.01829767068073039, 0.021026200671906446, 0.02434653880028739, 0.028396507053205573, 0.03334264525167002, 0.03938252139808967, 0.04674473180518277, 0.05568496498536262, 0.066476134763811, 0.07939048067284288, 0.09467194937578885, 0.11249838885754729, 0.13293528390301776, 0.15588583681337892, 0.18104560661796223, 0.20787262344834284, 0.23558454754906505, 0.26319187340242745, 0.28957003836119344, 0.3135645647217151, 0.3341143703657755]
16.000000000000004	1.0391618542803036	[0.35317783029143124, 0.3647728236687815, 0.37117473981335825, 0.37257948649217876, 0.3695189477872027, 0.3627761345204868, 0.3532826119849821, 0.3420175103899452, 0.3299230902156368, 0.3178452547922258, 0.30650081504596643, 0.29646828217141014, 0.28819611749086943, 0.2820215295195588, 0.2781934544864032, 0.27689456662551254, 0.2782584529659511, 0.2823790999280337, 0.28931045930636, 0.2990541726102442, 0.31153378835865253, 0.32655441070467667, 0.3437482107923088, 0.36250922792186013, 0.3819258931021737, 0.400726747635306, 0.417262865342114, 0.42955677387016294, 0.43544750174197705, 0.4328489498895023, 0.42010990620111904, 0.39642054845280633, 0.3621643834680562, 0.31908883850541836, 0.2701871056199664, 0.21925964718783328, 0.17023796743705208, 0.1264571630050954, 0.09010014131751397, 0.06197622586230262, 0.04166463291792089, 0.02791677471750041, 0.019138738641403696, 0.013791916025219895, 0.010627781476172438, 0.008758644851342525, 0.00761861538356523, 0.006878554479492043, 0.0063606774038277615, 0.005973764163389644, 0.005671920762262042, 0.005431531503430157, 0.00523961152166894, 0.00508834259834514, 0.004972619041234847, 0.004888950252557029, 0.00483494895492577, 0.004809074062530186, 0.00481049227286344, 0.004839003734653633, 0.004895009017483549, 0.004979508004300174, 0.005094127058180048, 0.005241174289845058, 0.005423725026843041, 0.005645741872009862, 0.005912235989696917, 0.006229479016708666, 0.006605278219498442, 0.00704933160562601, 0.007573684681702433, 0.00819331673640583, 0.008926891887225374, 0.009797718659429662, 0.01083497098084305, 0.012075232064496358, 0.013564428227216343, 0.015360218013414775, 0.017534885784618953, 0.02017874718259156, 0.02340399066928548, 0.027348734514687053, 0.0321808499242425, 0.03810077175500583, 0.04534209037959954, 0.05416823425252181, 0.06486312141226913, 0.07771347711723338, 0.09298086694073124, 0.11086269600723594, 0.13144369750185125, 0.1546427145179573, 0.18016332289114126, 0.2074599435629007, 0.2357320670204864, 0.26395671298735035, 0.2909627901499866, 0.3155415868044291, 0.336577722083841]
16.400000000000002	1.0113800236575765	[0.3559291671923626, 0.36769624453956945, 0.3740842805582646, 0.37529803604686973, 0.3718956784304173, 0.3646982499672918, 0.35468041993806293, 0.3428633528290925, 0.3302257306200929, 0.3176417640039461, 0.3058478870288432, 0.29543444820259407, 0.28685574149815285, 0.2804509302552553, 0.2764691038688414, 0.27509307069733785, 0.27645789911476126, 0.2806612928688273, 0.2877635120851133, 0.29777481941053346, 0.3106286191255119, 0.3261389995528959, 0.34394288016020064, 0.3634300869938375, 0.38367002902618075, 0.4033513111491196, 0.4207595343304635, 0.4338257312715317, 0.440278162612036, 0.43791701567080166, 0.42500005624122605, 0.4006793731050722, 0.36537857160196574, 0.320971520205377, 0.2706460694494416, 0.21842135181033356, 0.16841408416024578, 0.12406208156562658, 0.08754805351477546, 0.05959381487741784, 0.039645693937599535, 0.02632435210936234, 0.017940821780279493, 0.01290815949884673, 0.009968502890361513, 0.008247670285308657, 0.007201016273766023, 0.006518975374714814, 0.006038024424300446, 0.005675892030823169, 0.005391743761489581, 0.005164641598240298, 0.004982982208542263, 0.004839675740675109, 0.004730024618313977, 0.004650785308829003, 0.004599728375348237, 0.004575414360040222, 0.004577070591105197, 0.004604524719172709, 0.004658175469544436, 0.004738993374800412, 0.004848548118991966, 0.004989062918318456, 0.005163497924103619, 0.0053756672444741915, 0.005630396063940519, 0.005933727327583258, 0.006293190488418683, 0.006718149111289873, 0.007220249081329508, 0.007813995666901104, 0.008517495290565495, 0.009353407050219576, 0.010350158951700397, 0.011543493833045437, 0.012978417407650183, 0.01471162195579232, 0.016814446374840208, 0.019376395705632925, 0.022509163904689263, 0.026350961277667617, 0.031070717202976363, 0.036871389236101844, 0.0439911573265421, 0.052700754910370066, 0.06329469318157248, 0.07607387612699248, 0.09131738392503494, 0.10924237596400317, 0.1299534011034935, 0.15338588437082443, 0.17925264379322522, 0.20700581352506708, 0.23582787965426139, 0.2646631413424511, 0.2922941497524523, 0.3174575245959477, 0.33898269007740817]
16.8	0.9849800360633658	[0.35862856068214505, 0.37057208961635285, 0.37695030530456275, 0.3779765887242802, 0.3742355369594942, 0.3665865957434484, 0.35604794314420424, 0.3436830561792001, 0.33050709862234323, 0.31742241909855506, 0.3051847196479675, 0.2943957204978249, 0.2855150475201735, 0.2788833458797341, 0.27474945391105376, 0.27329600484941885, 0.2746593495681873, 0.2789408375669771, 0.28620711402957233, 0.29647731810676864, 0.3096951746800423, 0.32568445120498923, 0.3440877240781828, 0.3642916482253663, 0.3853476131781757, 0.4059049847339233, 0.42418396888829146, 0.4380233205035708, 0.44503890000928525, 0.4429151434146039, 0.4298172687571203, 0.4048594088864586, 0.3685078641658652, 0.32276776751915154, 0.27102703742525164, 0.21752685695240992, 0.16656820325763444, 0.1216858044597044, 0.0850534275655528, 0.05729718627684682, 0.0377260646783336, 0.02483043071207146, 0.016830483697598608, 0.01209647846790731, 0.009365842562686601, 0.0077805463629561766, 0.006817962050882384, 0.006187698771367541, 0.005739671452374386, 0.005399764924353733, 0.005131631072097327, 0.004916650796527229, 0.004744404000969759, 0.00460842218619875, 0.004504361609156701, 0.004429194934175927, 0.00438083391085609, 0.004357929590310741, 0.004359763747698617, 0.004386187391043564, 0.00443759591409741, 0.004514930402446699, 0.0046197056930522215, 0.0047540632365137185, 0.004920852813436004, 0.005123746191958574, 0.005367390343502004, 0.005657608695652119, 0.006001663601906076, 0.006408596183744173, 0.006889665867738352, 0.00745891765721468, 0.008133913936116748, 0.008936676548760937, 0.009894896369439209, 0.011043478192607299, 0.012426498811665644, 0.01409965922877512, 0.016133303404143817, 0.018616041824202907, 0.02165894413681575, 0.02540012489075559, 0.030009316066253233, 0.03569167030824678, 0.042689565440773417, 0.051280609774952655, 0.06176949002717969, 0.07447096029538396, 0.0896814742916686, 0.10763809297046197, 0.12846569322356416, 0.15211717246221962, 0.1783157821892213, 0.20651268164614855, 0.23587453460112265, 0.2653137108723279, 0.293566623076753, 0.3193148315132994, 0.34133170063925644]
17.2	0.9598647925907575	[0.3612782229278143, 0.3734025979542951, 0.3797751037364739, 0.3806174914698904, 0.376540919766173, 0.3684435964160204, 0.35738760569616473, 0.3444790107724525, 0.330769519574197, 0.3171894549107944, 0.30451344392656143, 0.2933541278239375, 0.28417598214644885, 0.2773206781051738, 0.27303641478056356, 0.2715053510452829, 0.2728649258642305, 0.2772200579157159, 0.2846438413019667, 0.29516452414111116, 0.30873658762838296, 0.3251941389082884, 0.3441862875303009, 0.3650975333258575, 0.3869622376167099, 0.40839123007485917, 0.42753942396254063, 0.4421525502603079, 0.44973248036721014, 0.44784590626742043, 0.4345640197839477, 0.40896318116592273, 0.3715550200457741, 0.3244807428982898, 0.27133361870677214, 0.2165799985780901, 0.16470382294360966, 0.11933066971658376, 0.08261662402591756, 0.055084262337494715, 0.035901346540931516, 0.02342896603407793, 0.01580098742823324, 0.011350338872204999, 0.00881405030370943, 0.007352527418633667, 0.0064656476898117205, 0.005881666569371321, 0.005463086238147964, 0.005143201105208609, 0.004889625338162197, 0.004685750659419569, 0.004522168544406907, 0.004392946423021194, 0.004294047106080411, 0.004222636081233421, 0.004176750635892008, 0.004155124195549326, 0.004157086690315224, 0.004182509749959214, 0.0042317837014254085, 0.004305820748617935, 0.004406082426989318, 0.004534631780457843, 0.004694212685797467, 0.00488836069256193, 0.005121551942986001, 0.0053993993565487584, 0.005728908542513767, 0.006118810050274776, 0.006579989854026122, 0.007126046648440802, 0.007774012854714793, 0.008545286306960309, 0.00946683123635593, 0.010572719597036389, 0.0119060950771328, 0.01352164845489465, 0.015488687368543565, 0.0178948545675479, 0.020850478741340404, 0.02449340658636712, 0.02899393386810003, 0.03455909737997543, 0.041435094143646344, 0.049905983935880124, 0.060286206648867344, 0.0729040198367284, 0.08807307549197349, 0.10605043727111042, 0.12698176846201742, 0.15083828000129257, 0.17735481164405198, 0.2059828479340296, 0.23587442477786494, 0.2659108097813101, 0.29478254048990093, 0.32111577173777167, 0.34362697342766596]
17.599999999999998	0.935945818144669	[0.36388016766256576, 0.3761897943385586, 0.38256073475578234, 0.38322284623097724, 0.37881396491546454, 0.3702714081586477, 0.3587015549287385, 0.34525332530121056, 0.3310150340350767, 0.3169448211862652, 0.30383590632046287, 0.2923114162706356, 0.28284021036437756, 0.27576454766839037, 0.2713316139545237, 0.26972280528398257, 0.27107645763909877, 0.27550097895871706, 0.28307596312707534, 0.29383897924468233, 0.3077556718172782, 0.3246711162990396, 0.3442417991782146, 0.36585105646072724, 0.38851719979890337, 0.4108132311762036, 0.43082889562339216, 0.4462161902172303, 0.45436145054473104, 0.4527116760477152, 0.4392426003553766, 0.4129930425094525, 0.37452263145804804, 0.3261134364741216, 0.27156923129159594, 0.21558438867149754, 0.1628241873999437, 0.11699875579819032, 0.08023779907022024, 0.05295288821089133, 0.03416725899418539, 0.02211424308851218, 0.01484610757352857, 0.010663818276955504, 0.008308007486981609, 0.006959446089516365, 0.006140766070025994, 0.005598228151465796, 0.005206073510914523, 0.00490429914848096, 0.004664015139723346, 0.004470352644641751, 0.0043147732227344715, 0.004191806563877048, 0.004097685297997942, 0.004029746400674648, 0.003986140924174166, 0.0039656765355052335, 0.00396772678562288, 0.003992180937838371, 0.0040394233730206815, 0.0041103377046887045, 0.004206334068803205, 0.004329400151826411, 0.004482178440397152, 0.004668074023406348, 0.004891399455338536, 0.00515756576188621, 0.005473331950632864, 0.0058471295376475154, 0.006289483954372467, 0.0068135614993628454, 0.0074358790765617876, 0.008177224461062104, 0.009063847214771454, 0.010128993956611812, 0.011414874776364612, 0.012975156489400447, 0.014878076430699676, 0.01721024605441715, 0.020081148816857675, 0.023628205977592173, 0.02802205464435413, 0.033471320866907336, 0.04022565606629667, 0.04857515546313578, 0.058843587798326054, 0.07137235140545754, 0.08649209112707237, 0.10447993002467765, 0.12550272528154868, 0.14955079225113171, 0.17637167777292412, 0.20541847622634218, 0.23582980165853862, 0.26645667790561767, 0.2959440759133362, 0.32286244089865673, 0.3458705460262311]
17.999999999999996	0.913142352635666	[0.36643623473156967, 0.37893551527187835, 0.38530905564649354, 0.3857945404816088, 0.3810565855378665, 0.3720719532844488, 0.35999169831379524, 0.3460078644345368, 0.33124543709110893, 0.3166902221008378, 0.3031537093095243, 0.29126908961441006, 0.2815091565769736, 0.2742163349096638, 0.2696364372851643, 0.26794981818195573, 0.2692955236351017, 0.27378536733691317, 0.28150548246931656, 0.292502951234101, 0.3067549618679036, 0.32411815546096223, 0.3442572084332455, 0.36655525918879317, 0.39001553582578036, 0.41317392504544204, 0.4340551495923565, 0.4502167970106966, 0.4589281615580087, 0.45751464500982697, 0.44385513631382467, 0.4169511915299101, 0.3774131411342912, 0.32766868336189003, 0.2717371180145645, 0.21454343348971527, 0.160932305372448, 0.11469190527416556, 0.07791692689613543, 0.050900853885057475, 0.03251964632153258, 0.020880867627735427, 0.013960093041896198, 0.010031551742705211, 0.007843153522928642, 0.00659764084261827, 0.005840434275663591, 0.0053350805858233255, 0.004966720276104849, 0.004681396199381947, 0.004453295928316916, 0.004269056818326109, 0.004120890109100351, 0.004003727508907602, 0.003914040191322486, 0.0038493193128579283, 0.0038078191265491987, 0.003788414891127989, 0.0037905195477341428, 0.003814037665889335, 0.0038593468465260056, 0.003927302663429614, 0.004019265653688583, 0.0041371512015147115, 0.004283504696305954, 0.004461606355853235, 0.004675612074593836, 0.004930739325567936, 0.0052335103094597445, 0.005592068776949694, 0.006016592281090244, 0.006519828580246529, 0.007117793657454629, 0.00783067976017122, 0.008684034878219896, 0.009710289797113013, 0.01095072361643874, 0.012457970113915131, 0.014299168867369264, 0.016559845341244567, 0.019348544779005914, 0.022802119199932573, 0.027091340080105605, 0.03242614379806822, 0.03905928523535429, 0.04728648779935665, 0.057440424211714504, 0.06987525794458975, 0.08493839340759915, 0.10292702875771016, 0.12402957282444568, 0.14825618756745046, 0.17536820792557714, 0.2048216060854432, 0.23574278790925823, 0.2669534221094739, 0.2970532633872836, 0.32455678587017345, 0.34806429515913495]
18.399999999999995	0.891380551055443	[0.368948110749266, 0.3816414319533138, 0.38802174635619135, 0.38833427363926504, 0.3832704974448709, 0.3738469497606756, 0.36125973395960503, 0.34674428081330194, 0.3314623109416904, 0.31642714982163034, 0.30246824511040216, 0.29022844355928085, 0.2801840386990143, 0.2726772141695943, 0.2679520631642852, 0.2661876293985538, 0.2675234858961825, 0.2720747656989151, 0.27993417008307425, 0.2911584680028341, 0.3057367463908858, 0.323537779514349, 0.34423521664109386, 0.36721294034630186, 0.3914600483830114, 0.4154760278784848, 0.43722074536292893, 0.4541567365933307, 0.46343478926603376, 0.4622568450772436, 0.448403606440724, 0.42083968965795177, 0.3802288582574877, 0.3291491781118831, 0.2718403610841614, 0.21346034802882793, 0.15903096777919978, 0.11241174423179726, 0.07565382189123857, 0.048925911067982324, 0.030954485249727832, 0.019723753277916, 0.013137635166459648, 0.009448678670194352, 0.007415424311387192, 0.006263889394010758, 0.005562134603748435, 0.0050902152861710724, 0.0047433537163585155, 0.004473030894566896, 0.004256140281284647, 0.004080623991883931, 0.003939341889364298, 0.0038275772597414306, 0.0037420139183291044, 0.003680282347528304, 0.003640731023687214, 0.0036222968915530455, 0.003624428667810569, 0.0036470441764780287, 0.0036905136441199226, 0.0037556652061855587, 0.003843811616780286, 0.003956798904660544, 0.004097079507707651, 0.004267814127866589, 0.004473008660460849, 0.004717695046180636, 0.005008168146927885, 0.005352294888525873, 0.005759917345609922, 0.006243378435573625, 0.006818207875695517, 0.007504017302973923, 0.008325667136207571, 0.009314783466913364, 0.010511719696619145, 0.011968071557373313, 0.013749859279779852, 0.015941475659628408, 0.018650445207657552, 0.02201291976469947, 0.026199613020916, 0.03142150826088002, 0.03793412698546286, 0.0460384230369608, 0.056075549485139375, 0.06841204851866435, 0.08341182591927263, 0.10139213203735371, 0.1225632375719302, 0.14695584503552903, 0.17434612037542463, 0.2041941627800069, 0.23561538921832015, 0.267403029276412, 0.2981120123888832, 0.3262006215386137, 0.3502099559246544]
18.799999999999994	0.8705927780690437	[0.3714173450995457, 0.38430906860075514, 0.39070033052326014, 0.3908435802854684, 0.3854572445022559, 0.3755979380134102, 0.362507178691009, 0.3474640437773337, 0.3316670542155174, 0.3161569139706935, 0.3017807253494318, 0.2891905953306424, 0.2788658978237906, 0.2711481833495668, 0.26627949218824426, 0.2644372972759379, 0.2657615195860817, 0.27037052252201466, 0.27836359443998243, 0.28980734724899626, 0.3047030974723404, 0.3229322914358231, 0.34417830511497466, 0.3678266828813051, 0.39285333230484965, 0.41772205906442605, 0.4403280586019526, 0.4580382047666249, 0.46788335281125426, 0.46694016389874254, 0.45288985592336534, 0.42466047237059434, 0.3829719680866103, 0.33055748436391114, 0.2718818930127874, 0.2123381701035255, 0.15712276499441657, 0.11015970285193706, 0.07344815884558355, 0.047025789047463726, 0.02946788855844785, 0.018638108812039755, 0.012373835176925464, 0.008910795704157074, 0.007021195732154893, 0.005955352701598731, 0.00530366274311949, 0.0048618749497482605, 0.004534504860804236, 0.004277914006299667, 0.004071372176380082, 0.003903953496836824, 0.0037690809941123035, 0.003662347698455872, 0.003580628041677461, 0.00352167931164438, 0.0034839362490480643, 0.0034663924071916016, 0.0034685290228720824, 0.0034902754705717987, 0.0035319941183724617, 0.003594486361261898, 0.0036790189362421303, 0.003787371385917649, 0.0039219071632727665, 0.00408567259796454, 0.004282529962937924, 0.004517333378915349, 0.004796159490816046, 0.005126609005469249, 0.0055182006107965375, 0.005982885875231083, 0.00653572286141328, 0.007195757764091862, 0.007987178120201593, 0.008940817823442223, 0.01009611215326232, 0.011503617358463242, 0.013228217952890507, 0.015353134668180578, 0.017984798379518028, 0.021258541865394415, 0.02534484295434304, 0.030455483515106074, 0.03684842892961959, 0.04482947597484437, 0.054747837074688714, 0.06698203816375042, 0.0819122058076371, 0.09987558372024177, 0.12110456899650998, 0.14565105136103976, 0.17330703188347, 0.20353796563237903, 0.2354495030658788, 0.2678073759442275, 0.2991221182451369, 0.3277956427531344, 0.35230913538106123]
19.199999999999992	0.8507169848192191	[0.37384536706296484, 0.3869398202448859, 0.39334619360380035, 0.3933238488463818, 0.3876182178441552, 0.37732630099860354, 0.3637353889187516, 0.34816846115423516, 0.3318609044319128, 0.31588066470304277, 0.301092204456545, 0.2881565073338207, 0.277555621938938, 0.2696300877349165, 0.2646195709934238, 0.26269972280583653, 0.264010637020301, 0.26867381629731285, 0.276795145921984, 0.28845122064629297, 0.30365589454380704, 0.32230379747002963, 0.34408875771866015, 0.36839887540196614, 0.39419779474911554, 0.4199143598776111, 0.44337929826389016, 0.461863242945371, 0.4722757294434816, 0.47156635935150343, 0.45731561111811025, 0.42841536431513055, 0.3856445470828187, 0.33189604898133107, 0.2718645094093661, 0.21117977205894597, 0.15521009940668762, 0.1079370297899451, 0.07129948886426957, 0.04519820728773112, 0.028056108520492094, 0.017619425784021626, 0.011664175282378614, 0.008413913666301344, 0.006657234471074708, 0.005669525654502174, 0.005063084373303604, 0.004648516742263538, 0.0043388789769421504, 0.004094903537888912, 0.0038979460565905883, 0.0037380642222587615, 0.003609172403693453, 0.003507138154886139, 0.0034290079808785203, 0.0033726550782349567, 0.0033365935427034023, 0.0033198689930050602, 0.003321992354738699, 0.0033429030533834855, 0.0033829552685769337, 0.0034429243771712174, 0.0035240328441309182, 0.00362799648338655, 0.0037570935728287926, 0.003914260986642659, 0.0041032234850213786, 0.004328664763775605, 0.004596452033056405, 0.004913930032620802, 0.005290305829200525, 0.005737152874094416, 0.006269072071803394, 0.006904559468199866, 0.007667144925135568, 0.008586883733521344, 0.009702302574538612, 0.011062919886727392, 0.012732472757922273, 0.01479297704961996, 0.017349705960563885, 0.020537065571931374, 0.02452513316866633, 0.029526255494231702, 0.03580053316252898, 0.04365822915958704, 0.053456198223247785, 0.06558454842071461, 0.0804393266082133, 0.09837767749588755, 0.11965434546245725, 0.14434300767778452, 0.1722524654695629, 0.20285473673870794, 0.2352469288595451, 0.2681682399476729, 0.300085275596074, 0.3293434392864459, 0.3543633288884193]
19.59999999999999	0.8316961573643615	[0.37623349816061963, 0.3895349666423687, 0.3959605984751617, 0.3957763386547081, 0.3897546742839065, 0.37903328359968796, 0.3649455808464738, 0.34885869994666147, 0.33204495904546744, 0.3155994138793373, 0.3004036009270547, 0.2871270083771529, 0.27625396715381784, 0.2681236411856726, 0.2629730135148665, 0.26097567095789265, 0.26227170916972037, 0.26698567717112753, 0.275230058622254, 0.2870915556511255, 0.30259684608837284, 0.3216542284675553, 0.34396868165538136, 0.36893173214272806, 0.3954956742104061, 0.4220551113711711, 0.4463765233218781, 0.46563375362291853, 0.4766136686286565, 0.47613707214422135, 0.46168249051862487, 0.4321060887310603, 0.3882485711183595, 0.3331672099540372, 0.27179087765061066, 0.20998787165589436, 0.153295199154186, 0.1057448085922651, 0.06920725564049779, 0.043440887209028764, 0.026715538027895138, 0.01666346532911387, 0.011004490177770132, 0.007954418340059995, 0.006320653805913729, 0.005404194724187671, 0.004838697799042933, 0.00444878178031873, 0.004155330519124639, 0.003922984284394371, 0.00373492905025434, 0.0035820789059320445, 0.0034587789593256237, 0.0033611416487312764, 0.003286369704547008, 0.0032324427667553843, 0.0031979481703326537, 0.003181979569921741, 0.003184075064371302, 0.0032041828377404598, 0.003242648653392843, 0.003300222623131848, 0.0033780846409788524, 0.003477889446965336, 0.00360183378974123, 0.003752749789076676, 0.003934230534981253, 0.0041507963849281146, 0.004408113554465788, 0.004713280711578154, 0.005075204720971928, 0.005505093855509139, 0.006017106179023735, 0.006629202910023618, 0.007364271806860731, 0.008251604036749018, 0.009328828849717, 0.010644431257994955, 0.012260993355769183, 0.014259299294938542, 0.016743408696347654, 0.01984670380958701, 0.023738709385601683, 0.028632117460224395, 0.03478886919081291, 0.04252332827291348, 0.05219957977253433, 0.06421890744943244, 0.07899296031123965, 0.09689866057039843, 0.11821327905613632, 0.14303283525243501, 0.17118385665552144, 0.20214610772574604, 0.23500937509666842, 0.26848730820831057, 0.3010030868857987, 0.33084550540186564, 0.35637393089059843]
19.99999999999999	0.8134778275429244	[0.37858296261859425, 0.3920956843402306, 0.398544699057309, 0.3982021950058498, 0.39186775251012973, 0.3807200096997583, 0.3661388481122932, 0.3495358043435599, 0.33222019363019595, 0.3153140533278325, 0.2997157155638587, 0.286102811879801, 0.2749615758530456, 0.26662944428793733, 0.2613404191738806, 0.2592657889899319, 0.26054548413530004, 0.26530700563290605, 0.27366942921030374, 0.285729674483731, 0.3015275085780318, 0.32098535860512445, 0.3438200257382999, 0.36942731059649125, 0.39674905732926474, 0.4241463502531672, 0.4493216575940037, 0.4693515140252429, 0.48089880432719084, 0.48065383648817445, 0.4659920136916917, 0.43573427482205507, 0.3907859219572254, 0.3343732030456586, 0.2716635449698978, 0.20876504253849243, 0.15138013134947134, 0.10358397274515403, 0.0671708099039305, 0.04175156165263411, 0.025442710312900758, 0.01576624458993557, 0.010390940511288868, 0.007529034685762858, 0.006008874700462653, 0.005157401033731553, 0.004629002316588448, 0.004261469241124201, 0.0039828423381737975, 0.003761250565358395, 0.0035814861628118235, 0.003435210758861456, 0.0033171490036872295, 0.003223633129196711, 0.003152008461193953, 0.003100352782742655, 0.0030673212312132023, 0.003052051896933673, 0.0030541078144225376, 0.0030734448051562327, 0.003110400075533143, 0.0031656992414254817, 0.003240481279861909, 0.003336342406588693, 0.0034554013272103017, 0.003600389896952213, 0.0037747751188300107, 0.0039829207959978736, 0.004230300252080304, 0.004523775620004838, 0.004871964624455537, 0.005285722978518046, 0.005778779994691508, 0.006368577331167953, 0.007077376451982799, 0.007933719575599896, 0.008974351066763673, 0.010246729247129249, 0.011812277326296026, 0.013750526297909798, 0.01616427377443956, 0.01918579082134515, 0.02298390967580151, 0.027771461693743636, 0.03381194766827367, 0.04142347805940534, 0.05097696230944734, 0.06288445024456152, 0.07757285939281354, 0.09543873713749512, 0.11678202013721387, 0.14172158074463098, 0.1701025591963862, 0.20141362575884705, 0.23473846563745296, 0.2687661833113524, 0.3018770694783309, 0.33230324775877024, 0.3583422439791261]
20.399999999999988	0.7960136385199326	[0.380894899482736, 0.394623058626757, 0.40109955199788166, 0.40060246069904054, 0.3939584847462215, 0.382387494212306, 0.36731617435412567, 0.35020070884434784, 0.332387475485364, 0.31502536879138, 0.2990292456280505, 0.2850845301172617, 0.2736789909856775, 0.265147998681797, 0.25972228728340013, 0.2575706209831777, 0.25883260186638235, 0.2636385874391695, 0.27211423204545976, 0.2843667693560721, 0.30044930168932893, 0.3202988204070084, 0.34364459500210726, 0.3698875254752167, 0.3979598919709781, 0.4261899809039235, 0.452216500662281, 0.47301818613918106, 0.48513266465637306, 0.48511809014292706, 0.47024561234621015, 0.4393014698963658, 0.39325839963644044, 0.33551617305841747, 0.27148494770334725, 0.20751372199826698, 0.14946681020069785, 0.10145531574076413, 0.06518942063061546, 0.04012798332072555, 0.02423429913038678, 0.01492402477121592, 0.0098199888483833, 0.007134794723812893, 0.005719591284909894, 0.004927408295317233, 0.004432671097873167, 0.004085514535831606, 0.00382050815562889, 0.0036088917388221674, 0.0034368677254693544, 0.003296752137740125, 0.003183605822460597, 0.0030939594475290107, 0.0030252891227478054, 0.002975763442715407, 0.002944100486353773, 0.002929479548727849, 0.002931486602527712, 0.0029500841318829325, 0.002985600716796195, 0.0030387382532040767, 0.0031105964041697725, 0.00320271530614113, 0.0033171389521925963, 0.003456503218172002, 0.003624154351854131, 0.0038243060915299607, 0.0040622466402831375, 0.004344610775869666, 0.004679737781499932, 0.005078143089733494, 0.005553141083723385, 0.006121669005893525, 0.0068053779644495745, 0.007632076937309413, 0.008637639095720547, 0.009868504838777629, 0.01138493785759816, 0.013265199404663692, 0.015610783505397265, 0.018552771794902046, 0.022259175370798297, 0.026942772026988217, 0.03286835483809426, 0.04035743887318254, 0.04978735886708202, 0.06158051937119696, 0.0761787592949353, 0.09399807220519367, 0.11536116209879352, 0.14041022160691202, 0.16900985102980873, 0.20065876018720522, 0.23443574732553268, 0.26900639236606577, 0.3027086658187522, 0.3337179966715086, 0.36026949081757864]
20.799999999999986	0.7792589580617583	[0.38317036871142757, 0.39711809182499064, 0.40362612720984303, 0.4029780884953652, 0.3960278105858255, 0.3840366577154865, 0.3684784481677771, 0.3508542532288094, 0.3325475784579212, 0.31473405455055564, 0.29834479927123797, 0.2840726885002789, 0.27240667024338816, 0.2636797212034856, 0.258119031229374, 0.2558906221426222, 0.25713360865193446, 0.261981108342536, 0.2705653341479425, 0.2830039176341172, 0.29936352354951445, 0.3195961199259567, 0.34344406565884367, 0.37031416330827993, 0.3991300013859749, 0.4281877890468023, 0.4550627409359237, 0.476635328833203, 0.48931668240967835, 0.48953118245531707, 0.47444463523095004, 0.44280914133571253, 0.39566772302646364, 0.33659817551768945, 0.2712574165477228, 0.20623622090201565, 0.1475570107478506, 0.09935950608562363, 0.06326228778495259, 0.03856793136819708, 0.023087115842466494, 0.014133297171616448, 0.009288375951801042, 0.006769007961624951, 0.005450740276252694, 0.004712675069726574, 0.004248528109424618, 0.003919970883741211, 0.003667517813560052, 0.0034651799663941714, 0.003300398750689633, 0.0031660648876909213, 0.0030575386211800456, 0.002971530767360614, 0.0029056379084110243, 0.002858112931581746, 0.0028277324893063297, 0.0028137141703780282, 0.002815665096589743, 0.0028335535655752853, 0.0028676995196558063, 0.0029187819105001623, 0.0029878626368817223, 0.0030764280978141808, 0.0031864507533740684, 0.0033204745876331807, 0.003481730182126846, 0.0036742874142527784, 0.003903256814508776, 0.004175054632955027, 0.004497752044236895, 0.004881536127032919, 0.005339319859542054, 0.005887551035064508, 0.006547286382692641, 0.007345617741443107, 0.008317561722881358, 0.009508551319582063, 0.010977692948141462, 0.012801965920706305, 0.015081525370276207, 0.017946193717277247, 0.02156304300344994, 0.026144617132867552, 0.03195674738374681, 0.03932402322053282, 0.04862981318303207, 0.06030646485204043, 0.07481037975904076, 0.09257679412425682, 0.11395124479445617, 0.13909967008099197, 0.16790693848679525, 0.19988290661887723, 0.23410269365891015, 0.2692093902040759, 0.3034992463938533, 0.33509100938340597, 0.3621568184717577]
21.199999999999985	0.7631725337923274	[0.38541036175244875, 0.39958171299868944, 0.40612531659853224, 0.40532994910935977, 0.3980765846856114, 0.3856683342809058, 0.36962647136424387, 0.35149719134674734, 0.3327011922133847, 0.31444072304200266, 0.29766290535613327, 0.28306773548879816, 0.27114499601514874, 0.2622249538822053, 0.2565309885500315, 0.2542261690169401, 0.255448967535467, 0.2603351647327222, 0.2690235060587423, 0.28164209286183917, 0.29827136181917235, 0.31887864772976143, 0.343219995789355, 0.3707088926060212, 0.4002610936066648, 0.4301414502008552, 0.4578619631684487, 0.4802044047932168, 0.493452202197947, 0.4938943827625467, 0.4785903586020371, 0.44625868896434195, 0.39801554262275984, 0.33762118768338634, 0.2709831843469257, 0.20493472888146944, 0.1456523739211906, 0.09729709444574648, 0.06138855107674795, 0.037069217987342966, 0.02199810876446175, 0.013390772151862096, 0.008793100095487776, 0.006429235035479487, 0.0052004738615175905, 0.004511830530797178, 0.004075528263158852, 0.0037639936418398263, 0.003523144779412472, 0.0033294598260509584, 0.003171469851131122, 0.003042572065447299, 0.0029383947667836474, 0.002855813163857704, 0.0027925352445627404, 0.002746892357478099, 0.0027177157855220813, 0.002704258779137219, 0.0027061480019609386, 0.0027233568241213676, 0.0027561965862637028, 0.0028053240654800256, 0.002871764891201744, 0.002956953965947379, 0.0030627952505077305, 0.0031917447347215495, 0.0033469221892459297, 0.003532259558809614, 0.003752696834859288, 0.004014440221160175, 0.004325302751955458, 0.004695154717633015, 0.005136520895023852, 0.00566537437174713, 0.00630219343571547, 0.00707336916128059, 0.008013076997083667, 0.009165754540265783, 0.010589355713332999, 0.012359569633892665, 0.01457518297773209, 0.017364697026779174, 0.020894136947312254, 0.025375644453544108, 0.03107584792212476, 0.03832209302001003, 0.04750339880571198, 0.059061645037810924, 0.07346742721152742, 0.09117499811981204, 0.11255275883045077, 0.13779077798472786, 0.166794961540365, 0.19908739285213212, 0.2337407117688742, 0.26937656770078744, 0.3042501194043861, 0.33642348071625233, 0.3640053093751993]
21.599999999999984	0.7477161852697878	[0.3876158056839067, 0.40201478414175157, 0.408597942332431, 0.40765884121898927, 0.40010558795754236, 0.387283283269861, 0.3707609709127398, 0.35213020292731195, 0.33284893379006275, 0.3141459161425796, 0.2969840245098146, 0.28207005347411856, 0.26989428616489486, 0.26078397468517267, 0.2549584317260981, 0.25257757041438433, 0.2537790694303879, 0.25870127500408036, 0.26748943347568965, 0.2802821766347513, 0.2971739057236433, 0.3181476909756925, 0.34297383733803494, 0.3710732756764589, 0.40135477302685324, 0.4320525409681261, 0.46061565929690096, 0.4837267905066202, 0.4975404888367644, 0.4982088862635103, 0.48268398897871506, 0.44965144508297245, 0.40030343960081793, 0.3385871092551159, 0.2706643907179986, 0.20361132353840683, 0.1437544189860885, 0.09526852657684955, 0.05956730007536963, 0.03562969251853351, 0.020964358889202964, 0.012693365839553956, 0.008331396493652849, 0.006113263478072108, 0.0049671357454313236, 0.004323653540403199, 0.003912740501587077, 0.0036168270270250814, 0.0033867355530984443, 0.0032011394671357845, 0.0030495294663405166, 0.00292575082603665, 0.002825673103736556, 0.002746322239924625, 0.002685509602066232, 0.0026416397553234486, 0.0026135950393110343, 0.002600661978573838, 0.0026024853305956, 0.0026190428903513723, 0.002650637471103112, 0.002697904434689354, 0.002761834580873199, 0.002843813458411329, 0.0029456794221862964, 0.00306980418302871, 0.003219201331824104, 0.00339767054332815, 0.0036099880989492947, 0.003862158299402557, 0.004161745645486213, 0.004518314839566601, 0.004944015323000711, 0.0054543599618551, 0.0060692644378736406, 0.0068144356041279575, 0.007723223749585448, 0.008839084357266883, 0.010218825864250906, 0.011936842481865292, 0.014090528107458236, 0.016807008248983606, 0.020251162876909416, 0.024634574709902525, 0.030224440752362164, 0.03735055671759173, 0.04640721761837172, 0.05784542649079, 0.07214959587347688, 0.08979274842609011, 0.11116614846919472, 0.1364843400759433, 0.1656749972730911, 0.1982734820752312, 0.23335114505307455, 0.2695092537466288, 0.30496253229826453, 0.3377165447236843, 0.3658159838644424]
21.999999999999982	0.7328545284944576	[0.3897875712977256, 0.40441810760766594, 0.4110447635409439, 0.40996549761741585, 0.4021155335025717, 0.38888219537103946, 0.3718826052933792, 0.3527539003139749, 0.33299135466825336, 0.3138501124661882, 0.29630855653805044, 0.28107996623330705, 0.268654801495937, 0.25935700500675846, 0.253401575741581, 0.2509450750969584, 0.2521242410058102, 0.25707988767085277, 0.26596372560177595, 0.2789249671415646, 0.29607215470124343, 0.3174044420332083, 0.3427069445396268, 0.3714087766616772, 0.4024125478583977, 0.43392254578442907, 0.4633252345191862, 0.487203781966953, 0.5015827332888843, 0.5024758209653231, 0.48672667160379085, 0.452988684185189, 0.40253293558101993, 0.3394977705837793, 0.2703030878769557, 0.20226797470326863, 0.14186454826749076, 0.09327414994645152, 0.05779758172529682, 0.03424724630356193, 0.019983077981681443, 0.012038189480104409, 0.00790071926885793, 0.0058190860545328914, 0.004749239863765081, 0.00414705432757428, 0.003759333206615529, 0.003477792768717753, 0.0032577006311811864, 0.0030796830389094552, 0.002934077174590808, 0.002815126276738258, 0.0027189181631467655, 0.0026426175859381932, 0.0025841321419264734, 0.002541934872553608, 0.0025149559232642373, 0.002502512920608761, 0.002504267407961412, 0.002520201038315371, 0.0025506082026449306, 0.002596103593110744, 0.0026576445642907524, 0.0027365693587751605, 0.0028346534842210937, 0.0029541879131522184, 0.003098084472980693, 0.003270015976073965, 0.003474601528704707, 0.003717651342600279, 0.0040064906363057665, 0.004350389357989596, 0.004761134129746677, 0.005253791792084243, 0.005847731098984789, 0.006567991305819419, 0.007447114014582016, 0.008527586945943877, 0.009865082011193302, 0.011532696979913248, 0.013626413435894377, 0.016271933232426185, 0.019632901756211633, 0.023920196898618, 0.02940136810120831, 0.036408366964578026, 0.04534039903473208, 0.0566571846492597, 0.07085656970177488, 0.08843008120265176, 0.10979181519103899, 0.1351810980131287, 0.16454806416917983, 0.19744237762732464, 0.23293527866930624, 0.26960872170128214, 0.30563767920592483, 0.338971282841612, 0.36758980855788426]
22.39999999999998	0.718554729003789	[0.3919264772517033, 0.4067924313452669, 0.4134664826402607, 0.412250592458392, 0.40410707450016864, 0.3904657008426336, 0.37299197285162666, 0.35336883677163794, 0.3331289489471589, 0.31355373538419645, 0.29563684829823755, 0.2800977466850094, 0.26742675343515065, 0.2579442173394632, 0.2518605858102304, 0.24932887963541886, 0.25048475273758075, 0.25547138966348765, 0.2644469237051638, 0.27757118796629543, 0.29496702738385927, 0.31665000754500633, 0.34242058294514033, 0.3717167704165965, 0.40343583876858363, 0.4357528652316244, 0.465992015169553, 0.4906366019144836, 0.5055800589524181, 0.5066962526467246, 0.49071949386133423, 0.4562716250465168, 0.4047054942137549, 0.3403549350267513, 0.26990124498589124, 0.20090655135575636, 0.13998405620940488, 0.09131422339330743, 0.056078408112900525, 0.03291981563442624, 0.019051604408975468, 0.011422537696176936, 0.007498724014113978, 0.005544881001053106, 0.004545451584674207, 0.003981058625501046, 0.0036145617092500954, 0.0033462804350157284, 0.003135506788172254, 0.002964604189222745, 0.0028246579205578022, 0.0027102661539564563, 0.002617715137355194, 0.0025442979670033746, 0.00248801206160464, 0.0024473946356790726, 0.002421420673751359, 0.002409436922958731, 0.0024111205281848475, 0.0024264565037406963, 0.0024557309479848405, 0.0024995386126711737, 0.002558804737063003, 0.0026348222133560726, 0.0027293063316853067, 0.0028444707002201744, 0.0029831295938134834, 0.0031488341254283687, 0.0033460524777666756, 0.003580408268258879, 0.0038589963356531454, 0.004190802342885041, 0.0045872622516331925, 0.005063010762377936, 0.005636885178848265, 0.006333273786587818, 0.0071839263231885265, 0.008230377991828798, 0.009527174838708668, 0.01114611949763655, 0.01318176606534628, 0.01575835111130398, 0.019038204437430307, 0.02323136373439796, 0.028605526596988052, 0.03549451826413813, 0.0443020988846852, 0.055496303926887654, 0.06958802358245719, 0.08708700662275688, 0.10843012042715694, 0.1338817434627755, 0.16341512533752434, 0.19659522612131933, 0.2324943424230347, 0.2696761920343224, 0.30627670347662345, 0.3401887266073583, 0.36932769962346257]
22.79999999999998	0.704786280222387	[0.39403329483318716, 0.40913845407534033, 0.4158637508775585, 0.41451474710407965, 0.40608081029123577, 0.39203437576555367, 0.3740896181632469, 0.3539755129107111, 0.3332621597816826, 0.3132571594373505, 0.2949692000624858, 0.2791236231986361, 0.26621031030544123, 0.25654574154905696, 0.2503355837104374, 0.24772913486996004, 0.24886082555763414, 0.25387611321287296, 0.2629395082551252, 0.276221495454502, 0.29385936913150074, 0.3158854160334036, 0.34211593698312315, 0.37199854990585896, 0.4044259860064867, 0.43754482280581114, 0.46861725505353213, 0.4940264056665728, 0.5095335269260702, 0.5108711895430982, 0.49466348946100847, 0.45950143460415205, 0.40682252503307703, 0.34116030307847894, 0.2694607528767979, 0.19952882727689328, 0.13811413612796467, 0.08938892448075493, 0.054408762723397355, 0.03164538421365187, 0.01816739934699457, 0.010843877794437077, 0.007123251951568117, 0.005288994258880261, 0.004354571055146405, 0.003824793830346791, 0.0034777575193599155, 0.003221739136813941, 0.003019670449942483, 0.0028554604562049603, 0.002720857011118169, 0.002610776192384938, 0.0025216854992190863, 0.002450997122826527, 0.0023967925308371486, 0.0023576691890724545, 0.0023326442057112575, 0.0023210916364909805, 0.0023227031528146188, 0.002337466694595059, 0.0023656602166364756, 0.002407859241357459, 0.0024649581689122377, 0.00253820640851133, 0.002629261539189655, 0.002740263019628298, 0.0028739315869418663, 0.003033701583527959, 0.0032238962476744907, 0.0034499597881909264, 0.0037187652259569742, 0.00403902404650032, 0.004421833348389827, 0.004881409250251251, 0.005436072845872575, 0.006109578018552697, 0.006932899709746023, 0.007946636585823053, 0.009204220964817237, 0.01077616418680952, 0.012755581657188108, 0.0152652088118097, 0.018465986732715715, 0.022566987489535534, 0.027835864067429054, 0.034608044876947214, 0.04329149850618231, 0.05436217797470443, 0.06834362464464479, 0.0857635110346295, 0.10708138831535509, 0.13258692120111548, 0.16227709176560565, 0.19573312074425134, 0.2320295141030648, 0.26971283576043675, 0.306880701317795, 0.3413698616099416, 0.371030527118492]
23.199999999999978	0.691520804158405	[0.39610875315849614, 0.41145683016981754, 0.4182371728756046, 0.41675853445916183, 0.40803729068531464, 0.3935887464815514, 0.3751760366837749, 0.3545743815448117, 0.3333913843884909, 0.3129607154115705, 0.29430587059750546, 0.2781577846437186, 0.26500560234572307, 0.25516166989739325, 0.24882665286422853, 0.24614595110747478, 0.24725263622725963, 0.2522943414403053, 0.26144190474140155, 0.27487648473868065, 0.2927499582005214, 0.3151116241095457, 0.34179411607651866, 0.3722553320789199, 0.4053842548995656, 0.4392996699603645, 0.47120214009124034, 0.49737428560201746, 0.5134441407460353, 0.5150015877548335, 0.49855964464127095, 0.46267923452054893, 0.4088853894720814, 0.3419155170402092, 0.2689834274590709, 0.19813648438665368, 0.1362558849596594, 0.08749835595296146, 0.05278760680650442, 0.030421986169214307, 0.017328043642170336, 0.010299839907942636, 0.00677231532350828, 0.005049923355886308, 0.004175518387078068, 0.003677476906045667, 0.003348319029003131, 0.003103670400307204, 0.002909751988193305, 0.002751848413850917, 0.0026222957624189003, 0.0025162960836103998, 0.002430483171764117, 0.0023623800912427324, 0.0023101471315884843, 0.0022724384231609758, 0.00224831070576225, 0.002237163682845279, 0.0022387025744645796, 0.0022529178635577237, 0.0022800795255018586, 0.002320744544889867, 0.0023757777065283323, 0.002446386719219613, 0.0025341738396564353, 0.0026412074402933287, 0.0027701185483144735, 0.0029242294405398992, 0.0031077241285206872, 0.003325874299772592, 0.003585339387741124, 0.0038945664525705, 0.004264325164099504, 0.0047084262774445655, 0.005244689649950587, 0.005896251215017622, 0.006693328341102257, 0.007675599734873966, 0.008895397397276962, 0.010421947475061887, 0.01234691908607566, 0.014791516022081579, 0.017915224882833963, 0.02192603616025049, 0.0270913765973665, 0.033748018928512244, 0.04230780398992791, 0.05325421004983319, 0.06712303362639385, 0.08445955910303023, 0.10574590835723434, 0.13129723206845942, 0.1611348254682967, 0.1948571046412416, 0.23154192324115488, 0.269719778712331, 0.3074507266063172, 0.3425156326999325, 0.3726991203335622]
23.599999999999977	0.6787318719030357	[0.39815354140251963, 0.4137481731601714, 0.42058731139342703, 0.4189824847072306, 0.4099770222749506, 0.39512929610567094, 0.37625168118713137, 0.35516585391460564, 0.3335169800189211, 0.3126646960847555, 0.29364708273461004, 0.27720038583748324, 0.2638127270908542, 0.25379206241251523, 0.2473338437610133, 0.24457940366655578, 0.24566032306852578, 0.2507263143277473, 0.259954489911783, 0.2735366962393594, 0.2916395124704848, 0.3143295233621331, 0.3414561616197019, 0.3724882648694794, 0.4063118428183914, 0.44101859295126755, 0.47374779484924245, 0.5006812769845941, 0.5173128509020355, 0.5190883538572917, 0.502408898704896, 0.46580610033766434, 0.41089540020961046, 0.34262216236845033, 0.26847101411253493, 0.19673111984365105, 0.13441031156950684, 0.08564255327821038, 0.05121388418690417, 0.029247706395323207, 0.016531232625781066, 0.009788206588097014, 0.006444083617753763, 0.004826302906546822, 0.004007320646135353, 0.0035384039051837147, 0.0032257035123464083, 0.002991622036498789, 0.0028053507922493506, 0.00265339945526226, 0.002528627701942161, 0.002426495940829186, 0.0023437911732508312, 0.0022781399861975696, 0.0022277767371973872, 0.0021914089303948867, 0.002168130644619477, 0.0021573657053560046, 0.0021588319899088766, 0.0021725221880511004, 0.0021986984713249476, 0.0022378999575181717, 0.0022909629888360626, 0.002359055274976163, 0.0024437260268911827, 0.002546975449751211, 0.002671348510451239, 0.0028200599114704046, 0.0029971599046920406, 0.0032077542562035494, 0.0034582967206782007, 0.0037569793358579475, 0.004114255415411382, 0.004543543221015698, 0.005062176056734635, 0.005692688197039626, 0.006464556736789858, 0.007416557473163263, 0.008599936593452987, 0.01008264315603433, 0.011954895668067192, 0.014336340691157282, 0.017384951479483726, 0.0213075299731984, 0.026371105771450725, 0.03291354851048713, 0.041350245211952845, 0.05217181298773473, 0.06592590572527286, 0.08317509540945718, 0.10442393757756008, 0.13001323544150917, 0.15998914198359462, 0.1939681731370224, 0.23103265282497262, 0.26969810267107946, 0.30798779160078893, 0.3436269446873751, 0.3743342690123741]
23.999999999999975	0.6663948417174507	[0.4001683135343297, 0.4160130598523517, 0.4229146908004714, 0.42118708832244794, 0.4119004712548683, 0.3966564673968075, 0.3773169648315351, 0.3557503029807354, 0.3336392674307431, 0.31236935979733155, 0.2929930269673046, 0.2762515511285102, 0.2626317529369926, 0.25243695046266995, 0.24585717758786774, 0.24302953661994528, 0.24408398987074767, 0.2491722328248884, 0.2584775960915833, 0.27220262017728775, 0.29052869409435417, 0.3135399450562356, 0.3411030516063736, 0.3726984316142531, 0.40720988325525004, 0.4427027165030335, 0.47625528586092847, 0.5039483612279174, 0.5211405585651825, 0.5231323496595133, 0.5062121500406548, 0.46888306826944265, 0.4128538275315488, 0.3432817723788665, 0.2679251905068455, 0.19531424818754933, 0.13257833999640706, 0.08382148964003575, 0.0496865264372509, 0.028120682847867624, 0.015774773020310207, 0.00930690404914245, 0.006136871158518373, 0.0046168914514324085, 0.0038491001934008993, 0.0034069407391933444, 0.003109420170247413, 0.002885182836634289, 0.002706100994370477, 0.0025597761157197924, 0.0024395352415994935, 0.0023410731929327847, 0.0022613186646468423, 0.0021979951591371335, 0.002149406760718812, 0.0021143113195366556, 0.0020918381395943395, 0.0020814337640659443, 0.002082827913283444, 0.0020960151882305805, 0.0021212501406720928, 0.002159054671541004, 0.002210237803740436, 0.0022759288714229256, 0.0023576262095964273, 0.00245726463780087, 0.0025773065426637973, 0.002720863339622453, 0.0028918567480337963, 0.0030952329358630935, 0.003337247576004135, 0.003625846745453902, 0.00397117811539644, 0.004386279970521917, 0.0048880134357925775, 0.005498327217474907, 0.0062459754442326845, 0.007168848417974607, 0.008317121944998528, 0.00975747787436801, 0.011578682744846455, 0.013898804840899105, 0.016874251661065768, 0.020710538140561417, 0.025674136166272593, 0.032103776063146454, 0.040418075201877166, 0.05111440956153987, 0.06475189184645228, 0.08191004639207179, 0.1031157029167894, 0.12873545187964439, 0.15884081319505386, 0.19306727681060615, 0.23050274280507063, 0.26964884946677636, 0.30849287164369255, 0.3447046674350734, 0.3759367284613784]
24.399999999999974	0.6544867127566735	[0.40215369079269997, 0.4182520333534828, 0.4252198006385713, 0.4233728000593079, 0.41380806768553663, 0.39817066714310817, 0.3783722655490661, 0.35632806774423154, 0.33375853510428355, 0.3120749345552101, 0.2923438654488615, 0.2753113783089633, 0.26146272300012996, 0.25109634060469516, 0.24439665012172976, 0.24149636679022682, 0.24252371004736142, 0.24763226321307794, 0.2570115157787383, 0.27087470139436925, 0.2894181145077995, 0.3127436652657503, 0.34073570580425744, 0.372886856189939, 0.40807945085774044, 0.4443531086863689, 0.47872562628426235, 0.507176470216233, 0.5249281193753051, 0.5271343952230896, 0.5099702582398777, 0.4719111365745393, 0.414761900513276, 0.34389583006234475, 0.26734756980111557, 0.19388730621044065, 0.13076081556520897, 0.08203508205996304, 0.048204457134895, 0.027039106963906746, 0.015056578384472007, 0.008853993091611308, 0.00584912544090093, 0.004420559614818966, 0.003700064435365995, 0.003282515166582448, 0.0029990241236182466, 0.002783977984509343, 0.0026116677525012343, 0.0024706688566803765, 0.0023547267562073495, 0.0022597498511760144, 0.0021827983486765296, 0.0021216866972842948, 0.0020747847292873277, 0.0020408978478100664, 0.002019188628939614, 0.002009125038401493, 0.0020104478943884924, 0.002023153448997254, 0.002047488824240653, 0.002083959332774443, 0.002133347753715322, 0.002196746594963734, 0.0022756053837474735, 0.0023717962051149374, 0.002487702184068574, 0.0026263355418751967, 0.002791494463032692, 0.002987971574986262, 0.003221831764552109, 0.0035007838768352623, 0.003834680299891067, 0.00423619150167862, 0.0047217204790038535, 0.005312646228125363, 0.006037017168077455, 0.006931855787501329, 0.008046283727167713, 0.009445727070137785, 0.011217501710469452, 0.013478080786692487, 0.01638225966051996, 0.020134175881478, 0.024999592990506126, 0.0313178767577897, 0.039510569346764654, 0.0500814325224016, 0.0636006394200966, 0.08066432181001186, 0.10182140315993496, 0.12746436531225067, 0.15769056957981348, 0.19215532364534088, 0.2299531920549181, 0.26957302274483586, 0.3089669068268203, 0.3457496375961776, 0.37750722156712946]
