I_value	Tstar	ystar
9.00666419935816	1.5909168486389897	[0.15036467436238538, 0.1955595458439969, 0.2512819549437424, 0.3183721465143487, 0.3969747287517062, 0.48621904491609835, 0.5839269877746522, 0.6864224326645466, 0.7885255735175153, 0.8838040157871094, 0.96511464844372, 1.0254077876980459, 1.0586898789524017, 1.0609746255301324, 1.03101981739315, 0.9706673906284778, 0.8846806711087051, 0.7800882076910943, 0.6651642083560305, 0.5482627004870501, 0.43674798896775086, 0.3362216400757304, 0.2501539443749684, 0.17991915004530667, 0.125143610853258, 0.08422744075246295, 0.05489823909210327, 0.03468884535251232, 0.021280642690445734, 0.0127011535804129, 0.007397802583218717, 0.004225321081533833, 0.0023852534355135505, 0.0013482373461393428, 0.0007789176727838422, 0.0004734743462896657, 0.0003126455810155773, 0.00022903193920493356, 0.00018573359874233665, 0.00016312195167244285, 0.0001510215310326943, 0.0001442753739539804, 0.00014031946087524595, 0.000137898185114104, 0.0001364032581787239, 0.00013554190308870216, 0.0001351739173730637, 0.00013523314097068688, 0.00013569021202421025, 0.00013653515888525426, 0.00013776940929053366, 0.0001394022419512918, 0.00014144935782861234, 0.00014393249543058167, 0.00014687961394403156, 0.00015032543648938878, 0.0001543122850864293, 0.00015889119805260527, 0.00016412336565821227, 0.000170081941591251, 0.000176854320793433, 0.00018454499908310848, 0.00019327917447953933, 0.00020320729503808368, 0.00021451083120779176, 0.00022740963581150027, 0.0002421713839672432, 0.00025912374739893603, 0.0002786701949976289, 0.0003013106231699428, 0.00032766846846140875, 0.00035852656136370554, 0.00039487484805558477, 0.0004379743008159939, 0.0004894430423309543, 0.0005513730805089045, 0.0006264894283155398, 0.0007183681049412397, 0.0008317362080712494, 0.0009728865808279873, 0.0011502526900825226, 0.0013752073772167748, 0.0016631739474088562, 0.0020351713810215794, 0.00251995957902298, 0.0031570069337545554, 0.004000572054022057, 0.005125271458001864, 0.006633588424286887, 0.00866584726032347, 0.011413201187348163, 0.01513410667285352, 0.020174503196911796, 0.0269913725063856, 0.03617838301430494, 0.04849079677072133, 0.06486465141608301, 0.08642248639019633, 0.11445489483528234]
8.77572409168231	1.6392500318354875	[0.15611295802508932, 0.20165773175746735, 0.2574299693449757, 0.3241449063617062, 0.40182979078081865, 0.48952937194464335, 0.5850431784387425, 0.6847628638895209, 0.7836846248249038, 0.8756596807818294, 0.9539103680976626, 1.0117825394285305, 1.0436377354577506, 1.0457299947723326, 1.0168840673017052, 0.9588105678101705, 0.8759619722718365, 0.7749363047927972, 0.6635433995404068, 0.5497278877294511, 0.44056846793843, 0.3415382539543898, 0.25613066727347866, 0.1858582250462187, 0.13054853718687565, 0.0888142600258574, 0.058567558938709165, 0.037476375229453275, 0.02330309640469415, 0.014109485376875022, 0.008343657220978148, 0.004841422993692567, 0.0027772532783366223, 0.0015942960453207019, 0.0009334805965642942, 0.0005725708130849082, 0.0003790795870390718, 0.0002766861687445118, 0.00022277936556711983, 0.00019423417633421562, 0.00017881601995165113, 0.00017019536197001615, 0.0001651595348044945, 0.00016210284597744737, 0.0001602318758782721, 0.00015915756354732604, 0.00015869033038986587, 0.00015873910595524195, 0.00015926234798143178, 0.00016024463987586253, 0.00016168568455791633, 0.00016359528525683077, 0.0001659912157125506, 0.00016889854057610036, 0.0001723497033210145, 0.00017638509891776708, 0.00018105400628537163, 0.0001864158689805758, 0.00019254194356302598, 0.00019951739081432645, 0.0002074438985589964, 0.00021644297901318572, 0.00022666010988957924, 0.0002382699634787147, 0.00025148302618031236, 0.0002665540307221644, 0.0002837927426719314, 0.000303577849098234, 0.0003263749332606904, 0.0003527598921007632, 0.00038344961561000883, 0.0004193424443525992, 0.0004615718282572251, 0.0005115779438705831, 0.000571203813230422, 0.0006428250566937487, 0.0007295259341377764, 0.0008353393773337038, 0.000965575622369395, 0.001127273822070721, 0.0013298243197406232, 0.0015858277256740078, 0.0019122816150974904, 0.002332218838343564, 0.0028769640910969903, 0.003589229551147921, 0.0045273346891412615, 0.005770907760528433, 0.0074284963637813745, 0.00964756552259416, 0.012627358904579519, 0.016634992746022856, 0.022024861965289397, 0.029260866426850357, 0.03893998804936087, 0.05181426465605599, 0.06880615799971375, 0.09100980768065588, 0.11966803697178503]
8.54478398400646	1.6906625993774822	[0.16202873773679216, 0.20787557096059187, 0.26363457723203915, 0.3298994741434403, 0.406586247675495, 0.492663165836196, 0.5859161466494612, 0.6828120493989341, 0.7785270590197714, 0.8671950255302311, 0.9423975450368853, 0.9978661209697528, 1.0283068522535435, 1.0302066547748199, 1.0024559060125549, 0.9466397662461852, 0.866911362325966, 0.7694515210302956, 0.6616161515422848, 0.5509442406313219, 0.444224427807335, 0.3467899965390956, 0.2621426193309211, 0.19191887932354756, 0.1361375624730261, 0.0936196418730411, 0.06246329908952039, 0.04047710655327783, 0.02551187727821483, 0.01567092689776344, 0.009408926162302246, 0.0055466259343264716, 0.0032333521345222368, 0.0018852012181783818, 0.0011188863703148785, 0.000692806869976246, 0.0004602041619240284, 0.00033489465159133706, 0.0002678040526370901, 0.00023175924333323393, 0.0002120870669002609, 0.00020103773455366184, 0.00019459518944799954, 0.00019071042065540037, 0.00018835044185640056, 0.00018699891432256963, 0.00018639965036244214, 0.00018642725953412663, 0.0001870230226803999, 0.00018816350963076885, 0.00018984551214962488, 0.00019207894613453225, 0.00019488374321436857, 0.00019828869836646906, 0.00020233141359158425, 0.0002070588520778547, 0.00021252838757710062, 0.00021880924551218592, 0.0002259844107068524, 0.0002341530205436454, 0.00024343340079202192, 0.0002539668479792789, 0.0002659224060575859, 0.0002795028579313266, 0.00029495232965764153, 0.0003125659264296539, 0.00033270206767799075, 0.00035579829861375346, 0.00038239174122265773, 0.00041314562622560757, 0.00044888399619744015, 0.0004906372762407216, 0.000539702562398633, 0.0005977237278212108, 0.0006667985749766235, 0.0007496227759459666, 0.0008496843475682705, 0.0009715273765785494, 0.0011211112779250555, 0.0013063014805908162, 0.0015375415484444616, 0.001828774698625349, 0.0021987080458606206, 0.0026725444673195288, 0.003284349298677899, 0.004080268708147729, 0.005122877351627438, 0.006496994301351129, 0.00831736556408642, 0.010738640109377168, 0.013968042610162202, 0.018281004843494836, 0.024039703465736573, 0.0317138508673541, 0.04190212123820275, 0.05535115021813508, 0.07296714250272326, 0.09581283870836095, 0.12508034423991493]
8.313843876330608	1.745456968049008	[0.16811078092269832, 0.21420747937995746, 0.2698860401520083, 0.33562253730542657, 0.41122811081306104, 0.49560281387716587, 0.5865276760141059, 0.680551961684932, 0.7730354985471962, 0.8583934335885184, 0.9305601870325142, 0.9836429093707519, 1.0126817247164528, 1.014388999779061, 0.9877194039945216, 0.9341384459265952, 0.8575113611767458, 0.7636151993782514, 0.6593627227942597, 0.5518915716252518, 0.4476964927590956, 0.3519600189039151, 0.26817728040707584, 0.19809434889593389, 0.14191034986867565, 0.09864942069040637, 0.06659636929172992, 0.043705378864594975, 0.02792293861420319, 0.01740140481464824, 0.010608274153317287, 0.006353588775346738, 0.003763915015719588, 0.0022290831497497406, 0.0013413041447834656, 0.0008387595305248913, 0.0005593814700210073, 0.0004061389581001386, 0.0003226777430170531, 0.00027715769125717416, 0.0002520289291679073, 0.00023782775799073468, 0.00022954641360480407, 0.00022457634090049944, 0.00022157538823460045, 0.00021985944380958726, 0.0002190826021092209, 0.00021907230877244824, 0.00021974562429469792, 0.00022106743240845613, 0.0002230297829497907, 0.00022564201145922711, 0.00022892614366307518, 0.00023291512342636805, 0.00023765243225693885, 0.0002431926450896167, 0.00024960252510596904, 0.0002569626979105119, 0.00026536979246055714, 0.0002749392343111266, 0.0002858086994698619, 0.0002981425060251269, 0.00031213706528448684, 0.0003280277980438992, 0.0003460978081069796, 0.00036668894338665747, 0.000390215831157968, 0.00041718392548134825, 0.00044821268678695475, 0.0004840656821969839, 0.0005256897168047194, 0.0005742661845631582, 0.0006312786164437893, 0.0006986022555913625, 0.0007786231928365011, 0.0008743979080007116, 0.000989867538984439, 0.0011301472437068693, 0.0013019178529400793, 0.0015139580372700444, 0.0017778681219653466, 0.0021090563339785265, 0.0025280813180580735, 0.003062477870772678, 0.003749230267153149, 0.004638107323066609, 0.005796123699933752, 0.007313449535185716, 0.009311129314953641, 0.011950988819698584, 0.015448050905314708, 0.020085624425737577, 0.02623287525810351, 0.03436409104493296, 0.04507787773244179, 0.05911317180420183, 0.07735715756480911, 0.10083817316279096, 0.13069474564996447]
8.082903768654758	1.8039757288463172	[0.1743568700691991, 0.22064663056516415, 0.2761731846241361, 0.34129923440960286, 0.4157377891453671, 0.49832910124595475, 0.5868579700054084, 0.6779630283333893, 0.7671910459658319, 0.8492367882328559, 0.9183808067190883, 0.9690957886434836, 0.9967453487536573, 0.9982599170595403, 0.9726571091265819, 0.9212885224700949, 0.8477429072308931, 0.7574070461115878, 0.6567616563620722, 0.5525478855316451, 0.45096339733039265, 0.3570295553984259, 0.2742202934091322, 0.20437626399551664, 0.1478653546890891, 0.10390876373860444, 0.0709776333298672, 0.04717610323690735, 0.03055333584982971, 0.019318330514108667, 0.011958058290312601, 0.007276702882747286, 0.0043809453892931635, 0.002635528023005014, 0.0016081338956875043, 0.0010160064052890218, 0.0006807642954516202, 0.000493514725770415, 0.0003897453877123898, 0.0003322606217706742, 0.00030013162686395314, 0.0002818346368390542, 0.0002711423610893419, 0.0002647424036757645, 0.00026089496615011554, 0.00025869535961545897, 0.0002576771837341519, 0.0002576031486182913, 0.0002583562862647782, 0.00025988447894006306, 0.0002621723233136507, 0.0002652273843527293, 0.00026907352341644744, 0.0002737481803904914, 0.00027930151010702804, 0.00028579685964570385, 0.0002933118893244206, 0.0003019404842170192, 0.00031179516242124824, 0.00032301031278304045, 0.0003357461348465786, 0.00035019371841734574, 0.0003665812746945736, 0.00038518209954825075, 0.00040632447437925426, 0.0004304043378151792, 0.00045790125739214105, 0.000489398992989946, 0.0005256117591766479, 0.0005674183160022508, 0.0006159060587706054, 0.0006724287808529614, 0.0007386822685459079, 0.0008168042747594044, 0.0009095067790976372, 0.0010202524505293024, 0.0011534902884485778, 0.0013149723686326094, 0.0015121798684784216, 0.0017548986965498054, 0.0020559969579862255, 0.002432477323773464, 0.0029068983758096687, 0.0035092927712833573, 0.004279742996998339, 0.0052718239362465735, 0.006557162193108291, 0.008231413794781007, 0.010421982065311046, 0.013297802327992974, 0.017081432286701108, 0.02206351380940723, 0.028619285588704926, 0.03722623313582234, 0.04848099777800592, 0.06311240182009374, 0.08198578185563457, 0.10609207923789843, 0.13651350154594255]
7.851963660978908	1.8666083821387274	[0.18076363737899007, 0.22718477183538155, 0.28248321114113534, 0.34691295600552197, 0.4200958909991637, 0.5008210093885737, 0.586885453758104, 0.6750239315102127, 0.7609730870493316, 0.8397052738306479, 0.9058402263338767, 0.9542059531339296, 0.9804790264084907, 0.9818005905098101, 0.9572498502596952, 0.9080701670494941, 0.8375851544079361, 0.7508049218525334, 0.6537895645002504, 0.5528891546671992, 0.45400175097380874, 0.3619776768705024, 0.28025520965498213, 0.21075439482546712, 0.1539995854181331, 0.10940196700179555, 0.07561776099959296, 0.0509046882126895, 0.03342123637238301, 0.021440693039658315, 0.01347649268851029, 0.008332309244417056, 0.005098331752158107, 0.0031158316927591997, 0.001928249125502349, 0.0012313449367438297, 0.0008294853134279182, 0.0006008895790981191, 0.00047195544523015985, 0.00039937320596858465, 0.00035826412904621703, 0.0003346391344786017, 0.0003207774883455813, 0.0003124847759746753, 0.0003075116261004118, 0.00030466422380322856, 0.00030331484991851545, 0.0003031375284274781, 0.0003039676485525452, 0.00030572843626668425, 0.0003083930467514936, 0.0003119653195765485, 0.000316470374609537, 0.0003219503333514325, 0.00032846287647362335, 0.00033608138475719253, 0.0003448961702227137, 0.0003550164992201686, 0.00036657341462826843, 0.00037972335513134853, 0.0003946527635836751, 0.0004115838382581039, 0.00043078176668305356, 0.0004525637705847767, 0.00047731051665882927, 0.0005054805007026688, 0.0005376283300693979, 0.0005744280003640771, 0.0006167027538165152, 0.0006654634959396071, 0.0007219585627357186, 0.0007877384281088568, 0.0008647403584940963, 0.0009553995857340973, 0.0010627961000750864, 0.0011908491589464956, 0.0013445761756247926, 0.0015304382585956495, 0.0017568028727636582, 0.0020345642865166737, 0.002377976815182086, 0.002805773529831555, 0.0033426668538546556, 0.004021355585965525, 0.004885198181177546, 0.005991750060800948, 0.007417403934818824, 0.009263404688935129, 0.011663527399775034, 0.014793680533927277, 0.018883603236873475, 0.024230611463702673, 0.031214968782330172, 0.04031583690916574, 0.05212586105697562, 0.06736122409636755, 0.08686253834672465, 0.11158038562458912, 0.14253805848366294]
7.621023553303058	1.9337994417971076	[0.18732637005873082, 0.23381200895779874, 0.2888014705970009, 0.35244511183116656, 0.42428099175328704, 0.5030554798027888, 0.5865865412529815, 0.6717113728003244, 0.7543590595462336, 0.82977714307003, 0.8929173487689059, 0.9389526773809831, 0.9638621383240825, 0.9649902710118973, 0.9414765076414439, 0.8944615727127132, 0.8270152351856239, 0.7437845977234261, 0.6504208774235798, 0.5528890567519223, 0.45678576394706305, 0.36678100331947266, 0.28626319180886256, 0.217216353203719, 0.16030831989850855, 0.11513220731404951, 0.08052704019161559, 0.05490693313043884, 0.0365459074158979, 0.02378914359394153, 0.015183819425940973, 0.009538936213889565, 0.005932126912408974, 0.003683294988060632, 0.0023122859095901236, 0.0014930591651672917, 0.0010118919212462126, 0.000733102647468258, 0.0005730249344839253, 0.00048140923211120664, 0.00042878341493991464, 0.00039822265038254106, 0.00038018543779407146, 0.00036937691744779003, 0.00036289712030486366, 0.0003591747814239318, 0.0003573667531155985, 0.0003570260582613814, 0.00035792143585778756, 0.0003599406555262142, 0.00036303944353544357, 0.00036721494374707076, 0.00037249231296945063, 0.00037891835962866637, 0.0003865590493222214, 0.0003954992340334466, 0.00040584380777614233, 0.0004177199196766344, 0.00043128013849703294, 0.00044670659584804994, 0.0004642162535622606, 0.0004840675152102574, 0.0005065685074128452, 0.0005320874510725272, 0.0005610656920213724, 0.0005940341233797883, 0.0006316339781355633, 0.00067464326538985, 0.0007240105512884358, 0.0007808983243694313, 0.0008467389465928037, 0.0009233071789598575, 0.0010128146464408931, 0.001118033420140397, 0.001242458394585101, 0.0013905214548591, 0.0015678749539327582, 0.0017817680131148616, 0.0020415472175899646, 0.002359323822223846, 0.0027508634368150894, 0.003236771808328746, 0.0038440726016608666, 0.004608300017272383, 0.005576260605586107, 0.006809652614382951, 0.008389764068871234, 0.010423494248277444, 0.013050944756992528, 0.01645478440600674, 0.020871477281274548, 0.026604233746247735, 0.03403715144753533, 0.043649404017693606, 0.05602747085333543, 0.07187227626735872, 0.0919967925884777, 0.11730834387837545, 0.14876887694393554]
7.390083445627208	2.006058236650844	[0.19403877503261605, 0.24051655734095728, 0.29511119587824447, 0.35787486231754406, 0.42826935469586913, 0.5050071411472081, 0.5859353552615841, 0.667999800981303, 0.7473241753434887, 0.8194284469047449, 0.8795888832019211, 0.9233130483227443, 0.9468718719920305, 0.9478060084755331, 0.9253137399740283, 0.8804386812707088, 0.8160079803808268, 0.7363194702873429, 0.6466275477339598, 0.5525186687833583, 0.45928692621383715, 0.371413368377184, 0.29222266572762007, 0.22374724144796002, 0.16678476733997075, 0.12110124121536958, 0.08571513949260778, 0.05919887966171405, 0.03994767408614747, 0.026386065349111858, 0.017102482253086696, 0.010917557179997945, 0.006900862735295181, 0.004353566064223207, 0.0027729865593960025, 0.0018112437936570504, 0.0012358375947797895, 0.0008962165645104738, 0.0006976515916462092, 0.000582066279755466, 0.0005146781365612857, 0.0004750851083374537, 0.0004515371356412583, 0.0004373727282072733, 0.0004288650143189462, 0.00042395185776974417, 0.00042150358796157596, 0.0004209085887290018, 0.0004218427648789679, 0.00042414304130248176, 0.00042773901221266594, 0.0004326164788635423, 0.00043879855348324693, 0.00044633625766522583, 0.0004553045071540745, 0.00046580110414927325, 0.00047794772266948333, 0.000491892222739973, 0.0005078122048613223, 0.0005259196900580094, 0.0005464671653756405, 0.000569755133695594, 0.0005961416220028829, 0.0006260540231368786, 0.0006600040003826151, 0.0006986061782806305, 0.0007426018040951619, 0.0007928886941050881, 0.0008505594455543336, 0.000916950270107049, 0.000993703846773012, 0.0010828504147178944, 0.001186913045060332, 0.0013090446695562016, 0.001453207370030042, 0.0016244075412042511, 0.0018290055805401586, 0.0020751244370125193, 0.0023731899646183313, 0.0027366459547478895, 0.0031829009671774764, 0.0037345803451340163, 0.004421178769641934, 0.005281232502264668, 0.006365159819810803, 0.007738945439336944, 0.009488871728339997, 0.011727510408997282, 0.014601178848902273, 0.018299003891434212, 0.023063607591657855, 0.02920318115183558, 0.03710432056599135, 0.0472443972953332, 0.060201427749619486, 0.07665836988888498, 0.09739762970707083, 0.12328045764407805, 0.15520523004969466]
7.159143337951358	2.0839708285686105	[0.20089270491745592, 0.24728444022096155, 0.30139319072507526, 0.3631787931822219, 0.4320346071197053, 0.506647977813866, 0.584903401588247, 0.6638610813878184, 0.7398410966237841, 0.8086327074712131, 0.8658290246529797, 0.9072616423993701, 0.9294829036483722, 0.9302223304472768, 0.9087356642288091, 0.8659748574896189, 0.8045355898725738, 0.7283802231192597, 0.6423787028454172, 0.5517461052090545, 0.46147363009445025, 0.37584542398992626, 0.2981089106068079, 0.23032923655001966, 0.17341966438116946, 0.1273090382050064, 0.0911908090789273, 0.06379660991829436, 0.04364783693149657, 0.02925562034445197, 0.019257297457761557, 0.012491866533903377, 0.008025902240329818, 0.00514503595013533, 0.003325606921498419, 0.0021981975274360127, 0.0015110428368978394, 0.0010978360427280058, 0.0008517865577891133, 0.0007060545221396491, 0.0006197582696970317, 0.0005684020459194616, 0.0005375717627607278, 0.0005189176594943773, 0.0005076669457499814, 0.000501122067113749, 0.0004977738071991636, 0.0004967874536542745, 0.0004977100413098898, 0.0005003059819934847, 0.0005044660366808052, 0.000510157637090847, 0.0005173983401391586, 0.0005262421955399019, 0.0005367734056054597, 0.0005491042228250535, 0.0005633754883207469, 0.0005797590066058277, 0.0005984614236250697, 0.0006197295356646967, 0.0006438571491572594, 0.0006711937393165227, 0.0007021552978370457, 0.0007372378915625226, 0.0007770346374063278, 0.0008222570053976491, 0.0008737616555257863, 0.0009325843730918578, 0.0009999831687749988, 0.0010774932462947015, 0.0011669974164250818, 0.001270816670640933, 0.0013918271720419807, 0.0015336119410686534, 0.001700658237649081, 0.0018986152094773543, 0.002134631133228638, 0.002417795762403554, 0.0027597214010528625, 0.0031753066737147738, 0.0036837401348690088, 0.0043098170869442605, 0.005085662580505195, 0.006052976035166528, 0.007265937268081781, 0.008794936969933838, 0.010731312067871712, 0.013193269010315093, 0.016333152831758808, 0.020346146832674893, 0.025480340941011564, 0.03204785264777648, 0.04043628748616841, 0.05111925346131514, 0.06466388291237316, 0.08173239000146734, 0.10307369642041063, 0.12950028031917046, 0.16184495632653048]
6.928203230275508	2.1682145858976436	[0.2078778250597438, 0.25409913253340577, 0.30762545357334387, 0.36833053198876925, 0.4355473483965463, 0.507946938753269, 0.5834591744101139, 0.6592641049475527, 0.7318795436276527, 0.7973605305879088, 0.8516090663323327, 0.8907701421537496, 0.9116670142300487, 0.91221085987147, 0.8917134704327881, 0.8510405016138751, 0.7925672383730636, 0.719934424999961, 0.6376402310738147, 0.5505360895165321, 0.4633107230984364, 0.380044173288286, 0.30389357363509256, 0.23694109610622105, 0.18020079049036714, 0.13375333340495588, 0.09696150461614712, 0.06871597614964828, 0.047668535490650796, 0.03242376193143063, 0.02167561402671815, 0.01428856998415003, 0.009331830297145112, 0.006079292980116421, 0.003988397820326498, 0.00266889928927845, 0.001849542147558339, 0.0013475102514375484, 0.0010429853815851796, 0.0008593958381457342, 0.0007489065275653562, 0.0006822347169941225, 0.0006417730597782413, 0.0006170983067161916, 0.0006021220021691745, 0.0005933281979083117, 0.0005887073389692649, 0.0005871236837469048, 0.0005879461888641858, 0.000590836320974832, 0.0005956276948179558, 0.0006022587826018776, 0.0006107359615620515, 0.0006211138984075547, 0.0006334858574685254, 0.0006479798685422966, 0.0006647584967114486, 0.0006840210925598535, 0.0007060079574185515, 0.0007310062880865626, 0.0007593579485836827, 0.0007914693509538901, 0.0008278238321096425, 0.0008689971334221401, 0.000915676731556632, 0.000968686063950944, 0.001029014949275166, 0.0010978579616652594, 0.0011766629914642143, 0.0012671929816051523, 0.0013716046893837875, 0.001492549606452017, 0.0016333037107390735, 0.0017979349250670032, 0.0019915198767192794, 0.0022204253195136007, 0.002492674282560037, 0.0028184233468016968, 0.0032105853141257564, 0.0036856417919963755, 0.004264702629084408, 0.004974884572569087, 0.005851099150320863, 0.006938359861585548, 0.00829473870621074, 0.009995119959048894, 0.012135908092450657, 0.01484083971169264, 0.018268011268377786, 0.0226181488656244, 0.028143986992543613, 0.03516036390432419, 0.04405424970469403, 0.05529338050938752, 0.06943147110855982, 0.08710716098121964, 0.10903300711858781, 0.13597016406946968, 0.16868416513845386]
6.697263122599658	2.25957610887585	[0.21498121357380584, 0.26094112967788496, 0.3137827275088933, 0.3733002841714504, 0.4387746805015128, 0.5088694632157315, 0.5815676825099507, 0.6541743135948367, 0.7234058231180422, 0.785579135400219, 0.8368969332199265, 0.8738068713217018, 0.8933926271929458, 0.8937398525534199, 0.8742149584775263, 0.8356025820031682, 0.7800686023454861, 0.7109460471943996, 0.6323742863947083, 0.5488494418497809, 0.464758974791342, 0.3839724139301834, 0.3095440917512969, 0.24355756748569785, 0.18711238389931084, 0.14042908014697225, 0.10303291450243743, 0.07397224282367158, 0.05203253982015107, 0.0359181974933895, 0.0243874514642544, 0.016337682862300484, 0.010846882136276912, 0.00718164171542037, 0.004783171716109889, 0.0032415835421046265, 0.0022662365472920845, 0.0016572409829074604, 0.0012808598234324555, 0.0010498156090496642, 0.0009084124018481275, 0.0008218125315698131, 0.0007686080185539139, 0.0007358457058001972, 0.0007157923211833901, 0.0007038838949775297, 0.0006974548411384797, 0.000694965262423994, 0.0006955392423755094, 0.0006986928777922548, 0.000704176383710602, 0.0007118835259624527, 0.0007218006683701855, 0.0007339787584462201, 0.000748518881591054, 0.0007655657478722385, 0.000785306233708867, 0.000807971176254715, 0.0008338397611476451, 0.0008632460419197306, 0.000896587741660456, 0.0009343374376694202, 0.0009770567009448632, 0.0010254136879682188, 0.001080205171051722, 0.0011423839951919443, 0.0012130935593094017, 0.0012937110846011433, 0.0013859022853942944, 0.0014916905136865874, 0.0016135447327083852, 0.0017544916378978133, 0.0019182592706465953, 0.0021094613063807545, 0.0023338344750701927, 0.002598544872898637, 0.002912584231004637, 0.0032872828462459586, 0.0037369742889621985, 0.0042798560500307645, 0.0049391029069465195, 0.005744302934251815, 0.006733302981214853, 0.007954566152199747, 0.009470161097499489, 0.011359512950845158, 0.013724049058071138, 0.016692853268629147, 0.020429396207941552, 0.025139308774662045, 0.031079001935751423, 0.03856467054206841, 0.047980844660552524, 0.0597871376381975, 0.07452121293120195, 0.09279527381022501, 0.1152826992479421, 0.14269095337927595, 0.17571687658521348]
6.466323014923808	2.35897341363986	[0.22218687326511674, 0.2677874247138377, 0.31983595309791946, 0.37805427087563276, 0.4416796365517899, 0.509376905016947, 0.5791898714878412, 0.648553123102952, 0.7143822526236221, 0.7732517816268993, 0.8216566122052901, 0.8563362282535211, 0.8746242439741108, 0.8747736336911229, 0.8562039734250966, 0.8196240670774769, 0.7670012854153454, 0.7013748790649909, 0.6265386899718514, 0.5466424618294049, 0.46577443599818086, 0.387588070461175, 0.31502299812421214, 0.25014867738500035, 0.1941344342201308, 0.14732777791475185, 0.1094083654030918, 0.07957961621796261, 0.05676294650360245, 0.03976828059312092, 0.027425598910377606, 0.018672825849758073, 0.012603406345695766, 0.008481690546702149, 0.005735966435220389, 0.003938433075155922, 0.0027795754187471605, 0.0020421237714331954, 0.0015776595821609953, 0.0012872564165040934, 0.0011064171753034397, 0.0009939141697203912, 0.000923852052047283, 0.0008802137642061243, 0.0008532239725241954, 0.0008369853333906216, 0.0008279773212007819, 0.0008241205318346705, 0.0008242041842692224, 0.0008275403008036428, 0.000833758342625261, 0.0008426842012885448, 0.0008542706087853711, 0.0008685574635603557, 0.0008856507173280512, 0.0009057118043144428, 0.000928954285961891, 0.0009556446552027888, 0.0009861068211876969, 0.0010207290466782526, 0.001059973905600266, 0.0011043908088241793, 0.0011546321805253922, 0.0012114733349258486, 0.0012758376080903597, 0.001348827350836264, 0.0014317630169502743, 0.0015262317832118706, 0.001634149053235559, 0.0017578356482059337, 0.0019001159220753457, 0.0020644419130526437, 0.002255051952089147, 0.0024771727481343844, 0.0027372786985066524, 0.0030434239775758666, 0.003405669898437896, 0.0038366337236735385, 0.004352195266924681, 0.004972403875075937, 0.005722642658148314, 0.006635115658293428, 0.007750741634626033, 0.00912154691805358, 0.010813666837827035, 0.012911064325662103, 0.015520075538727914, 0.01877485734443556, 0.02284376264631156, 0.02793655173730125, 0.034312188098559064, 0.042286693371840524, 0.05224019224490723, 0.06462178911111799, 0.07995037832305045, 0.09880886103751574, 0.12182872626598966, 0.1496616051826846, 0.1829345813006615]
6.235382907247958	2.4674835625766627	[0.22947513237853606, 0.2746108668461643, 0.32575159861369135, 0.3825540392893872, 0.4442204802452774, 0.5094258246547733, 0.5762819137655218, 0.6423572119839671, 0.7047664516371827, 0.7603370629446995, 0.8058474497121704, 0.8383179865641888, 0.8553217481034713, 0.8552719030520783, 0.8376397106050344, 0.803063226920917, 0.7533221138846763, 0.691175813007758, 0.6200862002159578, 0.5438661778445393, 0.4663076618647969, 0.3908433866322539, 0.3202870839767518, 0.2566788715504047, 0.2012418207229134, 0.15443664373108046, 0.11608807357426436, 0.08555062918697559, 0.06188274806637853, 0.04400480453704329, 0.03082565240145693, 0.02133150200039467, 0.014638354692916975, 0.010014010011194204, 0.00687781761813362, 0.004786410022079433, 0.0034123958394054483, 0.0025211558119429267, 0.001949021067917885, 0.0015845522076974525, 0.0013535079364279784, 0.001207383754066614, 0.0011150343131501976, 0.0010567635366098165, 0.0010202805889579134, 0.0009980044280185137, 0.0009853078811641524, 0.0009793962545319441, 0.0009786035308125124, 0.0009819572731396375, 0.0009889133276254525, 0.0009991961244489235, 0.0010127039607303844, 0.0010294539091405652, 0.0010495509195043535, 0.0010731717498110652, 0.0011005582635501096, 0.001132016882807648, 0.0011679224994993115, 0.0012087259591366923, 0.0012549648789231002, 0.0013072778870213653, 0.0013664227504361966, 0.0014332990705215318, 0.0015089765852565162, 0.0015947303843458782, 0.0016920848197897755, 0.0018028683383082477, 0.001929282187466468, 0.0020739867161495493, 0.002240210150472665, 0.002431886045720421, 0.0026538274991209894, 0.002911948429938568, 0.003213545280262763, 0.0035676561305298935, 0.003985519043418129, 0.0044811571710991855, 0.005072125438869567, 0.005780461998958679, 0.00663389770512965, 0.007667387618552862, 0.008925040075346705, 0.010462528870145755, 0.012350081223838193, 0.014676133442020182, 0.017551733024036145, 0.021115730764083247, 0.025540739753100977, 0.031039724510826757, 0.03787290937383016, 0.04635444311163349, 0.05685791889251118, 0.06981942297697244, 0.08573629762503102, 0.10515930452493699, 0.12867546870224134, 0.15687871598110562, 0.19032569623657292]
6.004442799572108	2.586377307414153	[0.23682189893896063, 0.2813793685536766, 0.3314908287142064, 0.38675560998042235, 0.4463498347944636, 0.5089671118410157, 0.5727943235422366, 0.6355376377302916, 0.6945104563177347, 0.746788027017276, 0.7894232734236551, 0.8197064232151374, 0.8354395352083265, 0.835188869132029, 0.8184758487995839, 0.7858727653724162, 0.7389822619156489, 0.6802979601811644, 0.6129636120924379, 0.5404654247184623, 0.46630276009119864, 0.3936839393390819, 0.32528637665664994, 0.26310596504370054, 0.20840325560847725, 0.1617375852860369, 0.1230681995890282, 0.09189533852268929, 0.06741423470466919, 0.04865965922590406, 0.034625958004493286, 0.024355330575912586, 0.016993784958620802, 0.01181885959945202, 0.008245650556313707, 0.005818247517000549, 0.0041929527863288725, 0.0031182521223279253, 0.0024149308020144323, 0.001958313309793553, 0.00166351202522903, 0.0014738319729805315, 0.0013520507137931765, 0.0012740971148623452, 0.0012246098905642853, 0.0011938995607689068, 0.001175918134125977, 0.0011669293766538428, 0.001164653114251478, 0.0011677229929153285, 0.001175347573193081, 0.001187101231660073, 0.0012027969189060959, 0.0012224100880699783, 0.001246034519268221, 0.0012738581073653086, 0.001306151375226824, 0.0013432644033987428, 0.0013856297279350894, 0.0014337699113988508, 0.0014883092635577452, 0.0015499896968018676, 0.0016196911095983087, 0.0016984570212489802, 0.0017875265333957807, 0.0018883740576887593, 0.002002758708229124, 0.0021327857969453985, 0.0022809835782813515, 0.0024503992610775574, 0.002644719447924863, 0.0028684215892118775, 0.0031269648896980213, 0.003427031419084869, 0.003776831133290614, 0.0041864881715595525, 0.004668530364308239, 0.0052385094145382055, 0.005915785875465636, 0.006724520744693018, 0.007694924172748502, 0.008864820881465039, 0.010281600643566853, 0.0120046288697645, 0.01410819459213334, 0.016685066835849426, 0.019850710110516416, 0.023748167588199847, 0.02855354684447511, 0.034481925756641774, 0.04179332313451228, 0.050798138672073806, 0.061861155225772076, 0.07540281963682209, 0.09189610393432744, 0.11185685273176596, 0.13582524014305042, 0.16433592590762663, 0.19787488779833667]
5.773502691896258	2.7171628245042085	[0.24419772780074517, 0.28805490839632375, 0.33700846594787026, 0.3906084037719938, 0.44801359224850185, 0.5079448780784599, 0.5686708450594242, 0.6280387184938241, 0.6835596042817087, 0.7325510599087575, 0.7723312836259455, 0.8004492124275636, 0.814925414072286, 0.8144721521866142, 0.7986594570041188, 0.7679987245583962, 0.7239261527192167, 0.6686835412442509, 0.6051106330376084, 0.5363776959087262, 0.46569621235224945, 0.3960474213500652, 0.32996288161913545, 0.2693798497400406, 0.21557997822044808, 0.16920592068163082, 0.13033965024381428, 0.09862027880406388, 0.07337817304851876, 0.053765299949743786, 0.03886741518351691, 0.027790202093945227, 0.01971735295617153, 0.013942974714003893, 0.009883298485345908, 0.007073625879283455, 0.00515617821387605, 0.0038635210999406343, 0.003000963274242878, 0.0024300888102743697, 0.0020545605670376187, 0.0018085914251724808, 0.0016480111256918254, 0.0015436044696490326, 0.0014763013130815554, 0.0014337976052837794, 0.0014082377195089666, 0.0013946568316961807, 0.0013899529450532913, 0.001392218752833845, 0.001400313624681006, 0.0014135927207131144, 0.0014317380151390084, 0.0014546543761829124, 0.0014824073663914235, 0.001515187475524377, 0.001553291663910613, 0.0015971162276141012, 0.001647157823796009, 0.001704020537022824, 0.0017684283116989716, 0.0018412423197896092, 0.0019234837677254966, 0.00201636264857162, 0.0021213137607059367, 0.0022400413264839656, 0.0023745744480910646, 0.0025273358124282704, 0.0027012272164830013, 0.002899735972070668, 0.003127067862597797, 0.003388313326339304, 0.003689655881392169, 0.0040386336078291046, 0.004444467937787273, 0.0049184769662143505, 0.005474595450602684, 0.006130028133407955, 0.006906069787357483, 0.007829131325172472, 0.008932019481095402, 0.010255523700949327, 0.011850371005680536, 0.013779611466271465, 0.01612149598109285, 0.018972894740971975, 0.02245328013789169, 0.026709247726924, 0.03191947264127417, 0.03829987781295939, 0.04610862522628021, 0.05565031394174425, 0.06727849131811736, 0.08139525397668333, 0.09844637892236309, 0.1189101212397149, 0.14327764990901706, 0.1720231652102552, 0.20556221571698716]
5.542562584220408	2.8616413208549774	[0.2515666314533567, 0.2945922670657176, 0.34225166832138376, 0.39405387957670623, 0.4491495208816043, 0.5062950461065066, 0.5638470283135654, 0.6197966037394494, 0.6718511019085198, 0.7175644563501891, 0.7545106265406829, 0.7804860060412058, 0.7937191925194784, 0.7930613770770506, 0.778129591088515, 0.7493790841523862, 0.7080900553500806, 0.6562664763898464, 0.5964584585013066, 0.5315316966000048, 0.4644153947478114, 0.39786212053209635, 0.3342490155619224, 0.27544088657344895, 0.22272412684098647, 0.176808770451813, 0.1378865525530588, 0.10572709706494347, 0.07979268797457095, 0.05935395733847102, 0.04359307726785709, 0.031686301773391656, 0.022862756538464035, 0.01644039418260053, 0.011842649074552607, 0.008600555677734751, 0.006345212578782562, 0.004794860412346572, 0.003739869536510302, 0.0030278923802107057, 0.002550514133390996, 0.002232020955696149, 0.0020204152737249, 0.0018805137978456922, 0.0017888208235854995, 0.0017298268432396483, 0.0016934007343301597, 0.001672990599676127, 0.001664405127028956, 0.0016650011283209465, 0.001673149602901826, 0.0016878892759928281, 0.0017087047702831995, 0.0017353865790625976, 0.0017679445733653158, 0.0018065563562991212, 0.0018515386502312992, 0.001903334084462088, 0.0019625088808047585, 0.0020297586430766956, 0.0021059209432964135, 0.002191994084800637, 0.0022891622657412627, 0.002398827701433223, 0.002522650927085512, 0.002662600800756562, 0.002821016450724633, 0.003000683858595169, 0.0032049307311902016, 0.003437744075003684, 0.0037039162749500933, 0.004009226753174136, 0.004360668339207568, 0.004766729528152072, 0.0052377468258159475, 0.005786344489416753, 0.006427983252738742, 0.007181643992154371, 0.00807067787593342, 0.009123859869721005, 0.010376688562762183, 0.011872979886639046, 0.01366680595869353, 0.015824829321671827, 0.018429076707418772, 0.02158017910982356, 0.025401074057394685, 0.0300411124574537, 0.03568043221946357, 0.04253434289176458, 0.05085730722328905, 0.06094589927126688, 0.07313987306698834, 0.08782020058201245, 0.10540267085590144, 0.12632543080041497, 0.15102877840844361, 0.17992568451685806, 0.21336204328705]
5.311622476544558	3.0219782470262158	[0.25888454579007736, 0.3009373961111614, 0.34715822317751077, 0.39702377270365613, 0.4496854625516384, 0.5039435186099976, 0.5582483781215185, 0.6107374117514849, 0.659312156265773, 0.7017565516875176, 0.7358905300910222, 0.7597465764070149, 0.7717508289652091, 0.770886334328351, 0.7568154634406166, 0.7299419376968125, 0.6914002638550254, 0.6429705619470973, 0.5869279382787976, 0.5258454900483576, 0.46237669265257986, 0.39904499207253225, 0.3380656289098154, 0.2812178810820795, 0.2297766867440339, 0.1845030199726134, 0.14568429721986623, 0.11321076569528542, 0.08667174611732432, 0.06545649151019539, 0.0488474598266815, 0.03609792530616704, 0.026490073124463154, 0.01937329286364762, 0.01418490957643527, 0.010456986677915257, 0.007813255543140782, 0.005959946292052232, 0.004673611495993423, 0.0037882041991602893, 0.0031828748556309667, 0.0027712903199153707, 0.0024927903382065343, 0.0023053767699423924, 0.00218034927281068, 0.002098320686261968, 0.002046331055190614, 0.0020158021931858824, 0.002001114989640073, 0.0019986359009834974, 0.0020060604075900663, 0.0020219759945497313, 0.002045574978382256, 0.0020764683911199725, 0.002114567561096605, 0.002160010875907268, 0.0022131208958187432, 0.0022743821303857314, 0.0023444333959481904, 0.0024240709976741516, 0.0025142606713696516, 0.00261615729415925, 0.0027311322624426412, 0.0028608090309699525, 0.003007107935842937, 0.0031723019225886207, 0.00335908545192513, 0.0035706594764572993, 0.003810836246105364, 0.00408416861917232, 0.004396109815741292, 0.004753210958158811, 0.00516336560830395, 0.005636112628519842, 0.006183011392033903, 0.006818106402115018, 0.00755850206857452, 0.008425072370272237, 0.009443334627915547, 0.01064452097534464, 0.012066885276513796, 0.013757285944146689, 0.01577308562682485, 0.01818440468479624, 0.021076754795705078, 0.024554057820828635, 0.028742019542285002, 0.03379177199051208, 0.039883616926930175, 0.0472305901531232, 0.05608141894162447, 0.06672226184528299, 0.07947640964385624, 0.0947009042650639, 0.11277883286726013, 0.13410592512279537, 0.15907009379551615, 0.1880227940073502, 0.22124162636836092]
5.080682368868708	3.2007951706635867	[0.2660973154998429, 0.307025275478739, 0.3516543047448258, 0.3994377745733705, 0.44953695409973893, 0.5008037557941432, 0.5517879011670875, 0.600774756013549, 0.6458574906029753, 0.685043233626024, 0.7163878190377889, 0.738148339573171, 0.7489379680086199, 0.7478645300612914, 0.7346340084329492, 0.7096030722767263, 0.6737706884266165, 0.6287070673878145, 0.5764271714656991, 0.5192240793371581, 0.45948305603991707, 0.3994991734909714, 0.3413194704142737, 0.286625497337938, 0.23666487094303026, 0.1922327093629883, 0.1536970088701705, 0.12105723145991171, 0.09402310097478278, 0.07210075530473309, 0.0546754312175844, 0.04108297641681472, 0.03066590184006985, 0.022812758553447197, 0.0169819633209676, 0.012712652483129529, 0.009625783934061093, 0.00741870128304513, 0.005855960157680391, 0.004758594970828281, 0.003993352038212349, 0.003462826371378794, 0.003096978909574114, 0.002846179005428158, 0.0026757115475611938, 0.0025615729996080797, 0.0024873385666039434, 0.002441878645596538, 0.002417727162770196, 0.0024099344151796236, 0.0024152731926696033, 0.0024316959971703214, 0.00245796931421682, 0.0024934298361147986, 0.0025378252061184457, 0.0025912118853803887, 0.002653892843200074, 0.0027263821967584002, 0.002809389618191713, 0.0029038187810709283, 0.0030107775470504224, 0.0031315976578641736, 0.003267864079441616, 0.0034214536502414146, 0.003594584665649145, 0.0037898783924971984, 0.004010435443571575, 0.004259929384841748, 0.004542722079905294, 0.00486400495345824, 0.005229972893518465, 0.005648037564254329, 0.006127090060162654, 0.006677823391880309, 0.007313129273453459, 0.008048584810608354, 0.008903049564092639, 0.009899394965964411, 0.011065393499153225, 0.012434796043708056, 0.014048630430858805, 0.0159567523217631, 0.018219679917038517, 0.020910733875603063, 0.02411849283288067, 0.027949546756904326, 0.03253149577885314, 0.0380160809270288, 0.044582258545375106, 0.05243891938104883, 0.06182682605235016, 0.07301917839248341, 0.08632004951590858, 0.10205975738014211, 0.12058610808602865, 0.14225038033637652, 0.1673870088949343, 0.19628619766223088, 0.229159256571244]
4.8497422611928585	3.401289185116349	[0.27313799379646897, 0.3127770407321394, 0.35565146271844095, 0.40120041038583854, 0.44860401881382117, 0.49677350004773435, 0.5443627817698433, 0.5898063864053446, 0.6313859649579792, 0.6673245534710379, 0.6959035278220147, 0.7155929780541374, 0.7251825808311932, 0.7238978490096913, 0.7114865718595101, 0.6882626851721817, 0.6550995980296571, 0.6133714990899067, 0.56484828338858, 0.5115561853735615, 0.45562076330563817, 0.39911071748782745, 0.3438998751502926, 0.29156089695088394, 0.2432987245451974, 0.1999256449574453, 0.16187423949096397, 0.12924029946136245, 0.10184550209091832, 0.07930927575636904, 0.06112050609874179, 0.04670198543700504, 0.03546317605342649, 0.02683941403731164, 0.02031776126374748, 0.015451143404136116, 0.011863181580668954, 0.009246337206989414, 0.007355803620235871, 0.0060011610142398746, 0.005037305609683757, 0.004355671575123853, 0.003876345505857147, 0.00354135294732943, 0.003309175340843687, 0.0031504196451216256, 0.003044492396586939, 0.0029771047627196417, 0.002938438458316343, 0.002921820847887315, 0.002922782485631644, 0.002938395842966329, 0.002966817300315107, 0.0030069740258090545, 0.003058353141499759, 0.003120862630228119, 0.0031947425737170673, 0.0032805119066077735, 0.0033789407265725465, 0.003491041576362275, 0.0036180756138641406, 0.0037615712981640026, 0.003923354571198171, 0.004105590470849814, 0.004310836990216247, 0.004542112696662583, 0.004802980404593981, 0.00509764992277232, 0.0054311038091549805, 0.005809251013559961, 0.0062391145051733845, 0.006729060305235156, 0.007289077009994351, 0.007931116706879841, 0.008669510381122908, 0.009521473230043155, 0.010507717917541601, 0.011653196319650809, 0.012987992754021974, 0.014548393368894482, 0.016378156985707985, 0.01853001102731961, 0.02106739132487545, 0.024066434517664475, 0.027618214683397237, 0.031831188648482854, 0.036833774552019194, 0.04277693192904609, 0.0498365365479156, 0.05821524714159769, 0.0681434453619358, 0.07987869867592859, 0.09370305997404114, 0.10991739519682303, 0.12883185072179199, 0.1507515733262727, 0.1759569257962367, 0.20467775065265925, 0.2370617698026789]
4.6188021535170085	3.6273892529205933	[0.279923133674938, 0.3180960353763639, 0.3590424746100787, 0.40219673041227433, 0.446766725782507, 0.4917302333168604, 0.5358497592392649, 0.5777095108203127, 0.6157758599257306, 0.6484799925234682, 0.6743181643258163, 0.6919617185708201, 0.7003662680877855, 0.698867894516323, 0.6872542946626232, 0.6658008173064113, 0.6352651040373326, 0.5968391322600163, 0.5520629978784584, 0.5027098475840127, 0.45065503294166626, 0.39774419488236756, 0.34567434037655886, 0.2958992786995123, 0.24956663819256764, 0.20748892592911547, 0.17014658592849513, 0.1377174591514158, 0.11012488318596823, 0.08709597867953725, 0.06822228289246897, 0.05301641306341159, 0.04096044440522196, 0.0315437264834651, 0.024289646615509163, 0.018772169729759564, 0.014623814558765161, 0.011537079837554854, 0.009261343536162018, 0.007597014934173166, 0.006388369840035209, 0.005516103449010985, 0.00489028532393478, 0.004444099198946097, 0.0041285378074083605, 0.003908066557386963, 0.0037571866725994987, 0.0036577760691450245, 0.003597077799149548, 0.0035662036854735217, 0.0035590410783796858, 0.003571463352489973, 0.0036007691958150883, 0.003645287657502208, 0.0037041056827391053, 0.003776881848202772, 0.0038637240160829932, 0.003965111176049039, 0.004081849412649954, 0.004215051610502794, 0.004366137482602784, 0.004536848619851521, 0.004729278748697171, 0.004945916769609249, 0.005189704925782883, 0.005464111573082342, 0.005773222567921042, 0.006121852386556245, 0.006515680727385616, 0.0069614175404240945, 0.007467004404837972, 0.00804185751383491, 0.008697163035765013, 0.009446233073432267, 0.01030493659010969, 0.011292217039162361, 0.012430715098857594, 0.01374751162213906, 0.01527501246823611, 0.0170519915852093, 0.019124813525398743, 0.021548846522646922, 0.02439007694603732, 0.0277269161875185, 0.03165217972956571, 0.036275181037793036, 0.04172385232520752, 0.04814674056218398, 0.05571466924665633, 0.06462176055856982, 0.07508542810907883, 0.08734483263991495, 0.10165720786985057, 0.11829136996244874, 0.1375177102393759, 0.1595940012533166, 0.18474653013333026, 0.21314637052374139, 0.24488112458292127]
4.387862045841159	3.8839624014797693	[0.2863475473013894, 0.32286222101313367, 0.36169546438304095, 0.4022861812861024, 0.44387886137560706, 0.4855246838138949, 0.5260985096454098, 0.5643340814390935, 0.5988781022966878, 0.6283616528024574, 0.651484895969444, 0.6671085352536908, 0.6743435049255878, 0.6726292919316536, 0.6617914922706734, 0.6420708181018566, 0.6141187188367743, 0.5789586633322908, 0.537916379560403, 0.4925262437300992, 0.4444239031678851, 0.3952366108561201, 0.3464824554233904, 0.29948780702632716, 0.2553292788163538, 0.21480291325299206, 0.17841977460814235, 0.1464242117918983, 0.11882910351459067, 0.09546154995744625, 0.07601264163310952, 0.06008588954661087, 0.047240313964770735, 0.03702575748363233, 0.02900943773893755, 0.022793928424035898, 0.01802756090369943, 0.014408689187185552, 0.011685397544512182, 0.009652151263590921, 0.008144667320993788, 0.0070340051340053895, 0.006220588275566005, 0.005628618244827868, 0.005201132962548691, 0.0048958156032394345, 0.004681554001121524, 0.004535693318500406, 0.004441890343747221, 0.00438847124364152, 0.004367194431880525, 0.004372333579534674, 0.004400006003912306, 0.004447688243840159, 0.004513870449813616, 0.004597814807804963, 0.004699389597981513, 0.004818960153154727, 0.004957321125700972, 0.005115661077841366, 0.00529555135245116, 0.005498955844632288, 0.005728257978270927, 0.005986304778074795, 0.006276466994910543, 0.006602717327375667, 0.006969727618632666, 0.007382988859055118, 0.007848956648592744, 0.00837522783104715, 0.008970752936152631, 0.009646092384304616, 0.01041372345363226, 0.011288408642793641, 0.01228763510788312, 0.013432138667748958, 0.014746524516126541, 0.016260000264055847, 0.01800723423201119, 0.02002935383086319, 0.022375092901930894, 0.02510209479432593, 0.028278365310189693, 0.031983859392224506, 0.036312160852174785, 0.04137219016977606, 0.04728983245117793, 0.054209333471878306, 0.06229424597098187, 0.07172764357618196, 0.08271123639881314, 0.09546295179765349, 0.1102124708013063, 0.12719417926198417, 0.1466369942916061, 0.1687506178953964, 0.19370794454310586, 0.22162366716028956, 0.25252956449386393]
4.156921938165309	4.177087617882077	[0.011776721359234509, 0.010038755869765409, 0.008733064013858219, 0.007758010688355747, 0.0070345627680529505, 0.00650202615422279, 0.006114310485807653, 0.005836769959515994, 0.005643607557434581, 0.005515791800860289, 0.005439418721145842, 0.005404445608499684, 0.005403727542333417, 0.005432294028055633, 0.005486813578923174, 0.005565202502782777, 0.0056663440819922604, 0.005789890976097167, 0.005936131118260329, 0.00610590159193132, 0.006300540064158258, 0.006521865652114854, 0.00677218453598806, 0.0070543167114366645, 0.007371642726281349, 0.007728169661246185, 0.008128617568604666, 0.008578527703320198, 0.00908439565735473, 0.009653832557094774, 0.010295759275321885, 0.011020638696247134, 0.011840752964785038, 0.012770532768282576, 0.013826947641947265, 0.015029966250335095, 0.016403097306370514, 0.01797402109029843, 0.019775322300909896, 0.021845332549893525, 0.024229089226469307, 0.026979411369092272, 0.030158086784165265, 0.03383715176859842, 0.03810022991540589, 0.04304387260694478, 0.04877881612319853, 0.0554310314196353, 0.06314239946009505, 0.07207079092700054, 0.08238927465394183, 0.09428412052127857, 0.10795121645210985, 0.12359048703117735, 0.14139790771565106, 0.16155476044556538, 0.18421390375616664, 0.2094830390824594, 0.23740526906440784, 0.2679376516335259, 0.30092895257925933, 0.33609833688164004, 0.37301726438724037, 0.41109726434749244, 0.4495864622897541, 0.4875775963433335, 0.5240297105981525, 0.557804689632645, 0.587718339933184, 0.612603932551657, 0.6313842190979561, 0.6431461925778378, 0.6472116169177542, 0.6431958778537238, 0.6310482251150124, 0.6110680223993308, 0.5838940701382919, 0.5504670928254668, 0.5119686440675166, 0.46974247285567733, 0.4252063672170189, 0.3797633350940245, 0.3347205966717734, 0.2912233649862481, 0.2502080901380754, 0.21237715956684788, 0.17819442707160354, 0.1478987692120683, 0.1215313893991377, 0.09897190718156752, 0.07997832906916143, 0.06422664206202973, 0.0513467792585514, 0.040952859115439284, 0.03266670030441399, 0.026134535609977385, 0.021037516292810168, 0.017097006967770646, 0.014075843440200058]
3.9259818304894583	4.643169473229382	[0.0016201382952503174, 0.14419636619234888, -0.022502420591024475, 0.11689177123223349, -0.03672258627964853, 0.09776851503253559, -0.04416320353737069, 0.08447260120310895, -0.04733913063445838, 0.07521082073829621, -0.04808199183215223, 0.06873974991107468, -0.047629332392072454, 0.06425646600292123, -0.046770934931629427, 0.06127146377593773, -0.04599071619164574, 0.05950208622018205, -0.04557925019308562, 0.05879674048511818, -0.04571327728643104, 0.05908645948011704, -0.046507577311113435, 0.06035605882758399, -0.04804651390381043, 0.06262735088085414, -0.05040144895579135, 0.06594854871733657, -0.05363829812650289, 0.07038574263870778, -0.05781763343102142, 0.0760137283447464, -0.06298825958731591, 0.08290443718832607, -0.06917435340473865, 0.09111188803505188, -0.07635623189424212, 0.10065331893149088, -0.08444547167679461, 0.1114874258868328, -0.09325610872588008, 0.12349257420794668, -0.10247481148132609, 0.1364500548625589, -0.11163412803889017, 0.15003924664734924, -0.12009366059303339, 0.16385233669803156, -0.1270333583432084, 0.1774356965632915, -0.131460329543982, 0.19036285937983166, -0.13222611025527353, 0.20234005113090614, -0.12804716648750247, 0.21333912253464327, -0.11752047561602286, 0.2237440791351073, -0.0991310329438484, 0.23448541042930504, -0.07126060161383307, 0.24712011306671045, -0.032227167984312466, 0.26379547679216486, 0.01958975122810891, 0.2870181936120946, 0.08546087172675243, 0.3191543368620242, 0.16578442745998068, 0.3616361788080884, 0.2593262269592538, 0.4139702634911837, 0.36237285646795425, 0.47281876830655445, 0.46814733647638207, 0.5315936205284775, 0.5669609918727017, 0.5810268125339186, 0.6474708613944362, 0.6109298582100225, 0.6990078312688133, 0.612833626236734, 0.7143641994492511, 0.5826377107630152, 0.6920027838056284, 0.5221689527567226, 0.636706290825936, 0.43889870298965006, 0.55829982535698, 0.3438759785888039, 0.4689426387964515, 0.24873836429174956, 0.380088976570613, 0.16298879005222044, 0.30022396971461784, 0.09243092452153956, 0.23395756644103516, 0.038998753014275245, 0.1823870090357267]
3.695041722813608	4.603688038948541	[-0.09748032657152761, 0.061548140972578214, -0.10153418873959241, 0.05573360926097326, -0.10079249934240009, 0.054997330866327854, -0.09213230683467133, 0.06277477148021027, -0.0728939778038118, 0.08135891282548346, -0.04235344666920615, 0.11034327996791182, -0.0031282465789894687, 0.1455662108987491, 0.03840238496765569, 0.17949810144514525, 0.0734496579818622, 0.20352945704943604, 0.09390284497682821, 0.21153880636415123, 0.09594779107633356, 0.2030745567166301, 0.08232248127894781, 0.18433521571119904, 0.061805042330112414, 0.16622571932967656, 0.04606230243951526, 0.16046466725551944, 0.04552553381140534, 0.17579755954783582, 0.066377240733976, 0.21606256832989645, 0.10978932043672218, 0.2804942266830639, 0.17306195194844776, 0.3653178547815814, 0.2513646013557346, 0.4652482630269369, 0.33885756606581036, 0.5740142021318937, 0.4287562950339733, 0.6839255517464387, 0.5127446135695126, 0.7851884003437077, 0.5805953486293504, 0.8658800268944936, 0.6208107784295845, 0.9132367979394205, 0.6226455729930326, 0.9163155759966136, 0.5791822836861265, 0.8693498124431296, 0.490426387507361, 0.7745194702710466, 0.36500967720255645, 0.6427463669152458, 0.2193605455636537, 0.4917405601324394, 0.0741674054005017, 0.3416969806674859, -0.050777788914234304, 0.21018369545430682, -0.14142489865663735, 0.10818405345910848, -0.19218768658601032, 0.0386667391845079, -0.20576664089260857, -0.0021799061646147755, -0.19061796502232897, -0.022049203713677995, -0.15746464489656545, -0.029392396682849858, -0.11626715835250587, -0.031181148319112357, -0.07446222578366916, -0.031955018017427686, -0.03652947441773719, -0.03392913408983886, -0.004458600841276389, -0.037658344973307833, 0.021422886852224016, -0.042798186590432025, 0.04165690733048091, -0.04870212910738353, 0.05707539748874543, -0.054787912967732055, 0.06845038511476931, -0.06071362033389727, 0.07632196947688824, -0.06642481465708017, 0.08095585109051573, -0.07210849966425126, 0.08240880233325254, -0.07806344787306863, 0.08069395879312469, -0.08449245235646197, 0.07603009655367687, -0.09123515879732391, 0.06914144876401451]
3.4641016151377575	4.566559237379487	[3.720384493486903, 4.03013673557347, 3.8837403952376297, 4.008768791887052, 3.7207772993471115, 3.697519179328585, 3.3135875044185132, 3.195684360218757, 2.767139522851074, 2.6096184560097884, 2.1813664808803432, 2.0286927180003946, 1.6321672790617678, 1.5126584695455882, 1.1643724943388132, 1.090440134423493, 0.7946260546078742, 0.7665304359871872, 0.5196148359884734, 0.5302013773082421, 0.32523140370690184, 0.36391120015579914, 0.19389855785054427, 0.24919069729660762, 0.10908891485172081, 0.16989834713957364, 0.05722246256112275, 0.11371606617687312, 0.027367245184105618, 0.07318950634982374, 0.009364006914276468, 0.04673240783233151, -0.0075017005481383126, 0.03593264178935548, -0.031198198459349707, 0.04037267631940806, -0.0628709078533964, 0.0547766855091297, -0.09950865710275245, 0.0732188454161548, -0.13783234760655874, 0.09112706658270743, -0.17553254414454664, 0.10491250664017021, -0.21080247038398237, 0.111446456981137, -0.24237426111135174, 0.10813815854344537, -0.2699888849383187, 0.09328920803072051, -0.294901159343039, 0.06627872425950473, -0.3200367879524832, 0.02722793852743563, -0.349591683668425, -0.023901696310447196, -0.3882410430941263, -0.08839125711380097, -0.4404501666495094, -0.16946245667694165, -0.5103085830930107, -0.272285416124751, -0.6018798491707362, -0.4033925502951131, -0.7196764218321074, -0.5697213373802876, -0.8688022690281374, -0.7773255597833971, -1.0544236767745547, -1.0296064275168408, -1.2802889367006438, -1.3249359800031852, -1.546037472228659, -1.6537355234762823, -1.8432464423199482, -1.9953705409762357, -2.1506684832721086, -2.3157620778395565, -2.4297349255174487, -2.5673768157882826, -2.622378269701549, -2.6928541299130933, -2.6556873200396156, -2.630721233875105, -2.4579708808354517, -2.324241058603325, -1.9813071220458998, -1.7389073166058935, -1.2196671588810917, -0.885182865602157, -0.22022002433299426, 0.16831055434329378, 0.9151715001485646, 1.299945132251655, 2.044183255018552, 2.358662985230695, 3.014127027892185, 3.1996655449962272, 3.6990175156111684]
3.2986315612998327	4.534257559729888	[-0.10747421797096882, 0.3796385524702968, -0.06859615925566445, 0.3986057510713641, -0.01925263040759817, 0.4235272388660951, 0.04001836831315325, 0.4586971821218202, 0.10973520304269158, 0.5080298750538866, 0.19161573263745035, 0.5749430196525473, 0.2884086587599669, 0.6622854008874065, 0.4034286203924434, 0.772144634450551, 0.5398030624167046, 0.9053883079624951, 0.6994047371758734, 1.0608729496394336, 0.8814221629844993, 1.234383490569054, 1.080573871988626, 1.4175056884058803, 1.2851697279595464, 1.5967397371001322, 1.475583863111186, 1.7532151673208616, 1.6241041685527393, 1.8634034544675036, 1.6972536709144512, 1.901283689089858, 1.6612030009957306, 1.8423811319287242, 1.4897647726838221, 1.669659026410962, 1.1731002635761143, 1.380211235112044, 0.7243502008272705, 0.9904628673662444, 0.18144047852750161, 0.5370881796741573, -0.3975537342379721, 0.07189336127726442, -0.9451077395943712, -0.3486944282670671, -1.398373854436703, -0.6763649524044208, -1.7125077629444085, -0.8815292426450725, -1.8689587753043955, -0.9582739245456441, -1.8763015848402331, -0.9225438909416548, -1.7640402531977002, -0.8050685585622779, -1.572297144932091, -0.6421429895286508, -1.3412656219266736, -0.4673963799334171, -1.1035492551224002, -0.30649259541619456, -0.8807364427734997, -0.17516367741215932, -0.6837921413918202, -0.07983482922353391, -0.5158002605502658, -0.019672930618358286, -0.37540143587640307, 0.01093648919488266, -0.25966241326665707, 0.020036109925355317, -0.1657128525696372, 0.016032336868535446, -0.09106147717927449, 0.00594915933072393, -0.032986673966933944, -0.005843394129141755, 0.01226101402673252, -0.018078501111188916, 0.0496519464888277, -0.03192286586050053, 0.0845586092019022, -0.04933631422207953, 0.1212324262283695, -0.0711975834032319, 0.1614561990517117, -0.09614925557937315, 0.20420455805031687, -0.12068908726528549, 0.24649727260807103, -0.1402779586219348, 0.2849242525821649, -0.1507374930404891, 0.3170774128346224, -0.1492586135093321, 0.3423813851458408, -0.13473171498032607, 0.3622333017682231]
3.1831615074619077	4.494042276320559	[-0.24965483333440075, 0.23015024778583804, -0.2336536379512314, 0.2325672913236827, -0.21598340638258973, 0.2300133645031711, -0.1974679955411367, 0.22471184955433465, -0.1790858666358976, 0.21825403995842219, -0.16165091358031808, 0.2115891225308139, -0.14558155962070438, 0.2051664631365204, -0.13079566244772645, 0.19916764237336915, -0.11675720560731603, 0.19375938246129423, -0.10267766227268282, 0.18932213211305432, -0.08783421133103242, 0.18663970083233172, -0.07191863463306836, 0.18704428015731317, -0.0552961134650371, 0.19248936028032054, -0.03905384397760264, 0.20549323345904308, -0.024766508144094257, 0.22889723030644732, -0.013992966491259973, 0.265437369776393, -0.007620394876851011, 0.31721587936330864, -0.005249134343316253, 0.3852270055450114, -0.004827533178137111, 0.46909019291044257, -0.002689273160486172, 0.5670633684015596, 0.005961195874994052, 0.6762872312210825, 0.0261817828555036, 0.7931081446945871, 0.0621900563649635, 0.913290458064068, 0.11620486168084598, 1.031975649105918, 0.18741909105097132, 1.1433635299651566, 0.2712940999001487, 1.2402495776290359, 0.3593767549106526, 1.313707637610924, 0.43983973553239775, 1.3532978170541323, 0.4988926281001423, 1.3481347511090385, 0.5230594556388684, 1.2889210388185446, 0.5020518708681171, 1.1706520166016734, 0.43163976362984807, 0.9952543049671516, 0.3156709543316803, 0.773145918960339, 0.16640114412815754, 0.5228144905190188, 0.0026841312473165346, 0.2680770716861677, -0.153721727234991, 0.033543294331450396, -0.2827309010840864, -0.16042266388423415, -0.3699875284417741, -0.3016546112866504, -0.4091794241248042, -0.38783531558319057, -0.40209099037308543, -0.4254988268491334, -0.3567435634063972, -0.42698757558363276, -0.28456988046922693, -0.40657433528445663, -0.19766098500697737, -0.3770156954124195, -0.10677944325336952, -0.34739195303304454, -0.020330959280801864, -0.3224767351410911, 0.055894798577966975, -0.30335096618306634, 0.11854099290145503, -0.28869765838143724, 0.16632424789687583, -0.2762044854772163, 0.19963071853493441, -0.26367201662804907, 0.22009459133885356]
3.0676914536239828	4.453791825176943	[0.37887364275695856, 0.8740778087599856, 0.4375332944977589, 0.9188726912804911, 0.48266014313798444, 0.9392559249769306, 0.5053431065912349, 0.9288883945633228, 0.49800345208876423, 0.8834627904698604, 0.456213373724778, 0.8022312161267628, 0.38021672763387215, 0.6891145462401442, 0.27561313219437134, 0.552899659366626, 0.15280597626462208, 0.40624822107054354, 0.02516507291718008, 0.26363456957441067, -0.09369300713038403, 0.13874162667954545, -0.19274456902217155, 0.04207294723584443, -0.2656720876401232, -0.02053933451106793, -0.31165509468873903, -0.048204805820498575, -0.33471790768163334, -0.044150655578690357, -0.34199599006847997, -0.014267627457104859, -0.34156995660501865, 0.03441872240427657, -0.34052478847388007, 0.09493861461636349, -0.34367802868478375, 0.1610714568768593, -0.3531207685591997, 0.2276075248208811, -0.3684596145953104, 0.2903548225905294, -0.3875059602323599, 0.34606241158838214, -0.4071332273008217, 0.3923581203590165, -0.4240758154024434, 0.4277172325650973, -0.43552991804837893, 0.4514290597308763, -0.4395021339226415, 0.46352083656131526, -0.4349187940984526, 0.4646219440177194, -0.4215511257679175, 0.45578545224744327, -0.3998296790456187, 0.43830874709427603, -0.3706201332616492, 0.4135984640631787, -0.3350173844145697, 0.3831057450051785, -0.29419160346820095, 0.3483252869796741, -0.24929419795119004, 0.31082184178947736, -0.2014085736049963, 0.2722361163658924, -0.1515160126952716, 0.23423514876022064, -0.10044637244096835, 0.198404391401497, -0.04879881760783136, 0.1661144334379961, 0.0031555729262222054, 0.13841729337527747, 0.05555235175484685, 0.11602472341172793, 0.10894748781919844, 0.09939387213769607, 0.16423547512484504, 0.08890370879859072, 0.22247431150208746, 0.08506419639236934, 0.28465486929026135, 0.08867465867337232, 0.35146956460254203, 0.10084803443397627, 0.42312492676684, 0.12284477965895046, 0.4992098074153274, 0.15570638100033213, 0.5785939040306504, 0.19973152159567553, 0.6593128965813941, 0.2538869000380452, 0.7384133867261367, 0.31528339079416184, 0.8117846455993125]
2.952221399786058	4.41351956275606	[-0.2591527313631881, 0.20341519971526342, -0.2473476473246349, 0.21210734811246823, -0.23262576788173, 0.2166726030350843, -0.21662083303142032, 0.21738349317480515, -0.20042058194451062, 0.21496334805904727, -0.18469732063871847, 0.21032462096389853, -0.16983851041157833, 0.2043976842696157, -0.15606961762358562, 0.19805628407091713, -0.14356888195182643, 0.19212065624814623, -0.13257071980152785, 0.18740601382897193, -0.12344679913434925, 0.18478032077611828, -0.11674740813057399, 0.185198519528461, -0.11318525263805224, 0.18968901298868368, -0.11355147478364774, 0.19928113671775477, -0.11856853896812683, 0.21487836426937232, -0.12870255433590186, 0.2370988471035279, -0.14397249541293938, 0.266118936367394, -0.16379990565464603, 0.301561948688433, -0.1869370948199403, 0.34246973560382254, -0.2114957522229361, 0.38737773193585245, -0.23507600930810646, 0.4344887037796932, -0.2549746383857079, 0.48191384457660336, -0.2684361082525851, 0.5279306269708242, -0.27290540962534093, 0.5712007623155742, -0.2662478615769737, 0.6108997531035174, -0.24691642798506863, 0.6467281835525976, -0.2140665891738261, 0.6787980328101273, -0.16763592073950329, 0.7074094181129419, -0.10841344368786343, 0.7327514314312786, -0.03811757226434703, 0.7545752834967314, 0.04052003856397279, 0.7719004874490163, 0.12369998626636947, 0.782825661576519, 0.2065983271793963, 0.7845208349882622, 0.283593879333742, 0.7734687137598315, 0.34875160036827957, 0.7459865582126473, 0.39657567304439856, 0.6989916352979917, 0.42294764556034126, 0.6308802724138249, 0.4260537449412945, 0.5423030712690886, 0.40702910692396177, 0.4365817872501029, 0.3700565286505828, 0.31956615055749593, 0.32177951062742777, 0.19887757332670994, 0.2700990460498369, 0.08268725119203281, 0.2226433857130139, -0.021653915600425747, 0.18533149602212423, -0.10875761681742022, 0.16142715709045063, -0.1758213985719944, 0.15130695396577398, -0.22263118859440537, 0.15291946450733876, -0.25104753212734515, 0.16270228421006702, -0.26421521068488674, 0.1766277439228221, -0.2657585909552536, 0.19108327268025113]
2.836751345948133	4.373231168994253	[-0.12132698811530859, 0.33342856580709707, -0.10929678850866653, 0.3461985939412688, -0.09183372660754212, 0.3584371408848188, -0.06930900174422487, 0.3710298973193837, -0.04218949477045633, 0.3848307752125786, -0.011038056805482505, 0.4005685922848957, 0.02345040923876296, 0.41875726445904843, 0.06037488710102251, 0.43961467457198145, 0.09852644239043967, 0.46299507850692934, 0.136282665256642, 0.48834247533723707, 0.17153485106191313, 0.5146774852774336, 0.20169190864190992, 0.5406354901799786, 0.2238027879824607, 0.5645746663758298, 0.2348229001363375, 0.5847641364488906, 0.23201780270429817, 0.5996421240909328, 0.21345320616745725, 0.6081045510974881, 0.17847549185011613, 0.6097559475114567, 0.12805892622686793, 0.6050418026276576, 0.06490223904613643, 0.5951977566121325, -0.006793393940759701, 0.581998935159197, -0.0818495586429624, 0.5673587982706263, -0.15483319259148318, 0.5528846127126413, -0.22080857199917464, 0.539518741074218, -0.2759435193612635, 0.5273684389948367, -0.31784616855953596, 0.5157617585873245, -0.3455967227186026, 0.5034918809216757, -0.3595267421973368, 0.4891583546634145, -0.3608542120789585, 0.47149985671992956, -0.3512922790827997, 0.4496373311962825, -0.3327208333936869, 0.4231910281005662, -0.3069637015697926, 0.3922784068723385, -0.27567127667471375, 0.3574273110019772, -0.24028174663774196, 0.31944667776033897, -0.20202608507503494, 0.27929055992980556, -0.16194779434920614, 0.2379388701159496, -0.12092068803606504, 0.19630680989936644, -0.07966040184480938, 0.15518737892294132, -0.03873387470295464, 0.1152272542052159, 0.00142580062493175, 0.07693368950536905, 0.04049365720721848, 0.04070715836759414, 0.0782160410433656, 0.006890802155598563, 0.11436866087187186, -0.02417572387847322, 0.14871993901585034, -0.05211203442779866, 0.18101097867848004, -0.07647481571592324, 0.2109601822516315, -0.09676478054372922, 0.2382941310976096, -0.11246211853618773, 0.2627989304989573, -0.12308169527306763, 0.28438025943159423, -0.1282335270041926, 0.30311761087483563, -0.12767274565554282, 0.3192992440561312]
2.721281292110208	4.332930200460531	[-0.06079818552096968, 0.3804597355700335, -0.06269059668501621, 0.3807870386082144, -0.06157258643552196, 0.37835522691610624, -0.05796824067761945, 0.37372742931269953, -0.052472068317757456, 0.3675223385756943, -0.04572054500229205, 0.3603888480926308, -0.03837078729331717, 0.3529892915400817, -0.0310884268928928, 0.3459915510708189, -0.024543104617429125, 0.34006669522635374, -0.019406699818573566, 0.3358860446274459, -0.016347400672272694, 0.3341104763547702, -0.016012673776624665, 0.3353658259710596, -0.018996321365030724, 0.34020137427790176, -0.025788788663025045, 0.3490330113528804, -0.03671485340347142, 0.3620776987550202, -0.05186759139879159, 0.3792900211616287, -0.07105078786723545, 0.40031374038914264, -0.09374273555551163, 0.42446056914731406, -0.11909217259543531, 0.45072477208995415, -0.145952247232527, 0.47783633185102026, -0.17295184558600754, 0.5043485587546895, -0.19859684967603758, 0.5287497397925938, -0.22138846161587894, 0.5495841535945382, -0.2399428577007459, 0.5655664449576278, -0.2530966839386657, 0.5756751221552485, -0.259986042656992, 0.5792152128077455, -0.260091731729082, 0.575845732421961, -0.25324927727743307, 0.5655732272873668, -0.23962743961160918, 0.5487170815990915, -0.21968241630325797, 0.5258548417729729, -0.19409652864446414, 0.4977564247419217, -0.16370995619302636, 0.46531517873772305, -0.1294526948316534, 0.42948207818936085, -0.09228211152596694, 0.39120757138740203, -0.05312985968934942, 0.35139421058610465, -0.012860766990805926, 0.31086224912649546, 0.027754498541849443, 0.270329630150371, 0.06805199528127132, 0.2304068211135221, 0.10747251658503683, 0.19160548432452232, 0.14554697467934793, 0.15435804256879934, 0.18187313093948895, 0.11904319371538247, 0.21608945136707478, 0.08601099260405333, 0.24785276382421406, 0.055600896711497594, 0.2768258457642274, 0.028147525609648182, 0.3026789413923028, 0.003971693755993808, 0.3251058768416472, -0.016642082874268303, 0.34385173563162114, -0.03347689458373373, 0.358745994489633, -0.04641646131249602, 0.3697334864952255, -0.05547221036978896, 0.3768960118098613]
2.605811238272283	4.292629901646817	[-0.05687337958720089, 0.3770352973967308, -0.05981842115004728, 0.3785131410779788, -0.05993656279311267, 0.3773900974912482, -0.05770065963470614, 0.3741782133167125, -0.053656973845034255, 0.369452997738093, -0.048405456560364206, 0.3638343144012643, -0.042581689759112154, 0.3579696068038076, -0.036841402932269694, 0.3525194858366803, -0.03184669833959985, 0.3481439794697253, -0.02825157978144149, 0.3454865239339916, -0.026683587852622308, 0.3451524972438668, -0.027718632325681357, 0.3476799659242944, -0.031847541842020585, 0.3535022430070441, -0.039435177545162126, 0.36290445095625573, -0.05067566729432467, 0.37597893721349945, -0.06554973947823571, 0.3925864109513587, -0.0837916020750444, 0.41233045676027624, -0.10487283170959621, 0.4345522872024318, -0.12800913390060034, 0.45835023520877055, -0.15219281692434058, 0.4826249522955333, -0.17624994587637097, 0.5061472605080681, -0.19891719279771924, 0.5276419300493098, -0.21893018976460707, 0.5458780775999318, -0.23511337466714216, 0.5597559059582319, -0.24646122176795848, 0.5683802687088039, -0.2522023094305974, 0.5711137958497517, -0.25184048278421617, 0.5676055128933023, -0.24517078316760152, 0.5577943436746265, -0.23227115455665434, 0.5418899634589338, -0.21347363662528435, 0.5203357091260565, -0.18932048724589443, 0.4937594653641605, -0.16051138492639677, 0.4629186907293712, -0.12784770387972544, 0.42864525773401085, -0.09217910691641466, 0.3917948463076181, -0.05435664061742823, 0.35320449187284514, -0.015195335732825728, 0.3136606840497989, 0.02455190556882391, 0.27387917385309496, 0.06420861336039224, 0.23449636359995996, 0.10317802707648638, 0.19607084091660942, 0.14093742400329476, 0.15909237889979172, 0.1770267100653728, 0.1239947565978739, 0.21103522407421654, 0.0911683016756514, 0.24259081943651964, 0.06096832018113703, 0.27135463257885684, 0.03371661591461144, 0.2970235624513824, 0.0096949721686347, 0.31934061549613707, -0.01086856614759637, 0.33811132630605156, -0.02781796895426959, 0.3532229171353461, -0.04108822470559957, 0.36466210482897743, -0.05072097162600637, 0.3725276993148256]
2.490341184434358	4.2523310453609	[-0.05309149324349724, 0.37372308964203765, -0.05702214161974535, 0.3762756307837786, -0.058296778433558655, 0.3763828127533599, -0.05735633501297755, 0.3745230120764565, -0.054712889605245056, 0.37123804964914914, -0.050933901939238455, 0.36711682647740745, -0.046625450138094604, 0.36277826835771576, -0.042414888780365284, 0.35885360332529215, -0.03893256266793676, 0.35596725884780955, -0.036791591622386426, 0.3547152283835271, -0.036564539758710456, 0.355639829366284, -0.03875615023360078, 0.35920043790668654, -0.04377226481661066, 0.365740957732083, -0.05188639362552347, 0.3754562247396398, -0.06320685463590034, 0.38836091937749995, -0.07764859547459325, 0.4042654848277658, -0.09491439058254905, 0.4227637227986527, -0.11448983329110175, 0.44323600135464103, -0.13565535065006068, 0.4648703988704153, -0.15751650030036174, 0.4867018636104537, -0.1790513875346459, 0.5076669819507502, -0.19917160552575874, 0.5266696798121026, -0.2167911074898637, 0.5426515554391376, -0.2308962352832885, 0.5546598508611501, -0.240609957375557, 0.561906416479233, -0.24524420881006098, 0.5638123061767616, -0.24433588323006475, 0.5600345887729147, -0.23766417344956323, 0.5504742092527616, -0.2252492108111345, 0.5352659047470034, -0.20733396537577398, 0.5147529687610928, -0.18435288660404286, 0.4894508728289758, -0.15689166305705704, 0.46000433667080026, -0.12564275691021828, 0.42714243264166163, -0.09136111013002736, 0.3916358305384441, -0.054823752977442436, 0.354259469920315, -0.01679610567817916, 0.31576291557344016, 0.021993332547328936, 0.27684951443735223, 0.060869367671184074, 0.23816432307730254, 0.09921814878757902, 0.20028970933178689, 0.13648842433658823, 0.16374665754527917, 0.17218831663777256, 0.12899923816927397, 0.205880291210659, 0.09645953863162353, 0.2371769353871047, 0.0664906443104952, 0.2657396454760658, 0.03940597863542407, 0.2912814268151206, 0.015464339760602025, 0.3135738996827438, -0.005138891732578086, 0.3324575021019719, -0.022282893153994555, 0.34785302559804215, -0.03593275155749858, 0.3597722001666703, -0.04614872852741328, 0.36832514611867806]
2.374871130596433	4.212033423793298	[-0.04944661503959468, 0.37053095527499885, -0.05432494670279715, 0.3741132113926578, -0.05670617119704254, 0.3753978893884649, -0.05700750851270448, 0.3748370051392937, -0.05571255022924607, 0.3729421945596225, -0.05335716604471208, 0.3702694961017211, -0.05051325946617338, 0.3674021423184147, -0.04777062128036112, 0.3649314670102603, -0.04571685476406908, 0.3634357965740936, -0.04491517954447043, 0.3634571282613279, -0.045879980296828056, 0.365475598241816, -0.0490503133805482, 0.36988223094183176, -0.05476219851849554, 0.3769511736278923, -0.06322129717726765, 0.3868134127047174, -0.07447834042142597, 0.39943464625879704, -0.08841021314757498, 0.4146003507066379, -0.10470974433501629, 0.4319109715835377, -0.12288687668590396, 0.4507895195591912, -0.14228297758156008, 0.47050270339234807, -0.1620987040144458, 0.49019523215279354, -0.18143424373327136, 0.5089353029452787, -0.19933918132307954, 0.525767826981077, -0.21486794798087, 0.5397708860692088, -0.22713602753890139, 0.5501104327288066, -0.23537193844260793, 0.5560884242395073, -0.23896050781361786, 0.5571803723979852, -0.2374740039634824, 0.553059553799748, -0.23068911654969884, 0.5436066508310591, -0.21858934296016466, 0.5289051499736149, -0.20135382993700682, 0.5092242014905415, -0.17933494459460925, 0.4849916866233819, -0.15302768625364307, 0.45676085817533757, -0.1230344484891413, 0.42517409994760075, -0.09002861193802443, 0.39092712850145084, -0.05472005273645553, 0.35473641385525423, -0.017824977945600663, 0.31731182134887176, 0.01995834950832795, 0.2793355802033726, 0.05796735199336763, 0.24144777076924737, 0.09558658357039636, 0.2042376934206271, 0.13225387213296405, 0.16823982974977994, 0.16746268207221787, 0.1339327062661035, 0.20076247700047253, 0.10173886889548393, 0.23175880942176091, 0.0720243795264062, 0.26011452147141817, 0.0450967117398975, 0.28555287431698695, 0.021200562545186288, 0.30786274228578664, 0.0005117866683810202, 0.326905344087469, -0.016869735308618374, 0.34262146739717575, -0.030927080893103344, 0.3550378717588732, -0.041731778196694866, 0.3642715691356586]
2.259401076758508	4.17173686317946	[-0.045943655896340245, 0.36746861624006794, -0.051742115100601845, 0.37204676894771577, -0.05519058141124831, 0.37446481106092616, -0.05668543602376869, 0.37515093319220444, -0.056683658323029594, 0.3745875447787462, -0.05568940696815369, 0.37329656586496873, -0.05423808228903992, 0.37182231509536945, -0.05287808999566769, 0.370712196592418, -0.05215050027550153, 0.3704953880389215, -0.05256683691758956, 0.37165982669764464, -0.05458538866764735, 0.3746280154815102, -0.0585867275041995, 0.37973252430278376, -0.06484952001101778, 0.3871924941182839, -0.07352815859801559, 0.39709287419603234, -0.08463411696057083, 0.40936842675592905, -0.09802313642913485, 0.42379460959948095, -0.11339028064870027, 0.4399872185785627, -0.13027450097274074, 0.457412111581986, -0.14807363909542762, 0.47540548173193065, -0.16606982645533075, 0.49320409915529695, -0.18346414710104808, 0.509983843610581, -0.19941837119905637, 0.5249038696650817, -0.21310070359441546, 0.5371530357256629, -0.22373196241164325, 0.5459949010711377, -0.23062849087286424, 0.550807702916937, -0.23323842864572228, 0.5511162510806497, -0.23116867649005748, 0.5466135401911107, -0.22420087312776102, 0.5371709516086244, -0.21229582491170365, 0.5228370503654579, -0.195586936816278, 0.5038260311351453, -0.1743641524658562, 0.4804977113639488, -0.1490506197279222, 0.45333152861288245, -0.12017469858557077, 0.4228972373897665, -0.0883400063114097, 0.38982492594412715, -0.054195978041605024, 0.35477662899342727, -0.018410966163857213, 0.3184212670788716, 0.018350712779987115, 0.2814139811668526, 0.055447062004267876, 0.24438024135792527, 0.09227196852122686, 0.20790447658458666, 0.12826457109682018, 0.17252247151155403, 0.1629153691838466, 0.13871646142959454, 0.19577022048387246, 0.10691175336758614, 0.2264333701224651, 0.0774738087311799, 0.2545704536601758, 0.050705004837805434, 0.27991206835873833, 0.02684068816375959, 0.3022580838782484, 0.006044562486556637, 0.32148244659458125, -0.011596160600673228, 0.3375378972569286, -0.026075150741165173, 0.3504598252613044, -0.03747007299718923, 0.36036844784315547]
