I_value	Tstar	ystar
4.454444444444443	0.9067613706811914	[0.1680991783192758, 0.16848851312146215, 0.16872053395205913, 0.16878975457922138, 0.16869389165467533, 0.16843398884552732, 0.16801444067459892, 0.16744291168257627, 0.16673015232046298, 0.16588971868820407, 0.16493760868593288, 0.16389183154252682, 0.16277193096978915, 0.16159848379376146, 0.1603925960570095, 0.15917541703904284, 0.1579676889274627, 0.15678934603838612, 0.15565917321399236, 0.154594528461968, 0.15361113069091442, 0.15272290959397028, 0.1519419118019454, 0.15127825524785316, 0.15074012250417407, 0.150333783400208, 0.15006363759366823, 0.14993226861811057, 0.14994050228802444, 0.15008746389263242, 0.150370630384767, 0.15078587551017367, 0.15132750759057245, 0.15198830127256707, 0.15275952606632057, 0.15363097576740012, 0.1545910039551625, 0.15562657155705684, 0.1567233129994935, 0.15786562761235903, 0.1590368027172407, 0.16021917411093606, 0.1613943284500327, 0.1625433502983424, 0.1636471143481429, 0.16468662061342174, 0.16564336732644053, 0.1664997530256009, 0.167239496101177, 0.16784805716511578, 0.1683130472773879, 0.16862460363512377, 0.16877571399416974, 0.16876247209448042, 0.16858424868017605, 0.16824376637313748, 0.16774707136378206, 0.1671034004061691, 0.16632494738279865, 0.16542653938326737, 0.1644252371790455, 0.16333987890198004, 0.16219058815331439, 0.16099826868935763, 0.15978410706310417, 0.15856910248169875, 0.1573736397660096, 0.15621711724966808, 0.15511763692948202, 0.15409175980687734, 0.15315432526072253, 0.15231832996571276, 0.15159485924462088, 0.15099306212910368, 0.15052016053248637, 0.15018148297734127, 0.14998051387908845, 0.14991895057897334, 0.1499967617215844, 0.15021224232090405, 0.15056206255437202, 0.1510413091618076, 0.15164351993880515, 0.15236071345396687, 0.1531834174321986, 0.15410070052070352, 0.15510021301912383, 0.15616824291566828, 0.1572897938244651, 0.1584486914732104, 0.15962772482670348, 0.16080882706577157, 0.16197330007571265, 0.16310208418781158, 0.1641760723357033, 0.16517646497075716, 0.16608515881223762, 0.1668851593336341, 0.1675610037016548]
4.459999999999998	0.9050699187065642	[0.1726422731763418, 0.17325978522467728, 0.17363429988957488, 0.17375565098458334, 0.1736190848654398, 0.17322556023828523, 0.17258184313588337, 0.17170038315269406, 0.1705989718437514, 0.16930019852271438, 0.16783073303506116, 0.16622047600238135, 0.1645016253287174, 0.16270771075690982, 0.16087264768304996, 0.1590298557443282, 0.15721147957331635, 0.15544773786126692, 0.15376641559548668, 0.15219250246507143, 0.15074797077380397, 0.14945167773317852, 0.14831937184121127, 0.14736377954012295, 0.14659474794510732, 0.14601942011431926, 0.14564242221068746, 0.1454660449179538, 0.14549040572027946, 0.14571358226955147, 0.1461317112822855, 0.14673905062899129, 0.14752800585991374, 0.14848912495954744, 0.14961106802163043, 0.15088056050660856, 0.1522823410777645, 0.15379911648102665, 0.15541153763943547, 0.15709821187754325, 0.158835766856421, 0.16059898121371255, 0.1623609958043538, 0.16409361672346634, 0.16576771769315687, 0.16735374402679482, 0.16882231411005894, 0.17014490668952326, 0.171294614340256, 0.17224693533607166, 0.17298056907694084, 0.17347817465692963, 0.17372704930490465, 0.17371968370266336, 0.17345415522875196, 0.17293432789459856, 0.17216983878752887, 0.1711758643812426, 0.16997267478237327, 0.1685849985771785, 0.16704123364837425, 0.16537254917661393, 0.16361192960845258, 0.1617932127301457, 0.15995017059480005, 0.15811567521294004, 0.15632098086253932, 0.15459514367415503, 0.15296458719085315, 0.1514528119776879, 0.1500802379621987, 0.1488641616211314, 0.14781880551025647, 0.14695543602055033, 0.1462825251238187, 0.14580593404080827, 0.14552909943095454, 0.14545320673357648, 0.14557733889707455, 0.145898593045378, 0.14641216098151494, 0.14711137322311207, 0.14798770892871832, 0.14903077719925117, 0.15022827725607707, 0.15156594756917613, 0.1530275154864377, 0.1545946609473102, 0.156247008663815, 0.15796216432621998, 0.15971581000146268, 0.16148187353609073, 0.16323278442297304, 0.16493982592368522, 0.1665735882690701, 0.1681045224108635, 0.16950358629418943, 0.17074296827253035, 0.17179686365540286]
4.468333333333332	0.9033837182303655	[0.17603885259479665, 0.17684072696813422, 0.17733308919522447, 0.17750134740643714, 0.1773382366001399, 0.17684431545873036, 0.17602815238015726, 0.17490617470524353, 0.17350217946188026, 0.1718465295902639, 0.16997508369581776, 0.1679279271117316, 0.1657479852050445, 0.16347960504423903, 0.16116718850007414, 0.1588539493640563, 0.1565808508756469, 0.15438576043347954, 0.1523028377144096, 0.1503621532164683, 0.148589518148622, 0.14700649473488867, 0.1456305487655614, 0.14447530342494075, 0.14355085435308235, 0.1428641096622874, 0.14241912419338823, 0.14221740377746966, 0.1422581618861489, 0.1425385173225906, 0.14305362719172968, 0.143796754219997, 0.14475927157594637, 0.14593061183442632, 0.14729816976451468, 0.14884717139565626, 0.15056052441971401, 0.1524186674894163, 0.15439943831678832, 0.15647798252605796, 0.15862672672049494, 0.16081543984985622, 0.16301140629857405, 0.1651797317404359, 0.16728379831354212, 0.16928587880632018, 0.17114791022087317, 0.17283241553906717, 0.17430354932213635, 0.1755282289197747, 0.1764772998608894, 0.17712667304941518, 0.17745836433405723, 0.17746136536600593, 0.1771322794333015, 0.1764756675348011, 0.17550406780326366, 0.17423767409613555, 0.1727036849086274, 0.1709353589919801, 0.16897083629082676, 0.16685179949165432, 0.16462206074594654, 0.16232615916891924, 0.16000804777872174, 0.15770993494562463, 0.15547132720540846, 0.15332829990215227, 0.15131300198792375, 0.14945338347155243, 0.14777311994348927, 0.14629169904648534, 0.14502462880670905, 0.1439837269021993, 0.14317745242099283, 0.14261124644239867, 0.14228785390890097, 0.14220760587848852, 0.14236864774785005, 0.14276710498203088, 0.1433971831055679, 0.14425120314708115, 0.14531957750453606, 0.14659073443155105, 0.14805100224391216, 0.14968446701046656, 0.15147282005917312, 0.15339521404812922, 0.15542814858825987, 0.15754540820487753, 0.15971807655184592, 0.1619146508137836, 0.16410127877533406, 0.16624213763677032, 0.1682999680104484, 0.17023676842286375, 0.17201464517270487, 0.17359679992327207, 0.17494862374402623]
4.480833333333332	0.9008642186973765	[0.1801671605674396, 0.18120902804357514, 0.18185778185132145, 0.1820923116480161, 0.18190146688046763, 0.18128488242506266, 0.18025332984237175, 0.17882854473084742, 0.17704252232238232, 0.17493631827951217, 0.17255843401592644, 0.1699629004703956, 0.16720719662211173, 0.16435014665994038, 0.1614499321321021, 0.1585623345452147, 0.15573929326189637, 0.15302782790473038, 0.15046933852616537, 0.14809926483098212, 0.14594706064505134, 0.1440364232445686, 0.14238570914194626, 0.14100846755458446, 0.13991402825898963, 0.13910808991913162, 0.1385932662583226, 0.13836955907890483, 0.1384347379012825, 0.13878461528935476, 0.13941321444433613, 0.14031283152718424, 0.14147399965148577, 0.142885365037773, 0.14453348881600842, 0.1464025908418285, 0.14847425490053537, 0.1507271180142084, 0.153136570207228, 0.1556744948801433, 0.15830908349549175, 0.16100476106213593, 0.16372226016673516, 0.1664188802317461, 0.1690489643878769, 0.17156461810794646, 0.17391668105097394, 0.17605594641611258, 0.17793460110314818, 0.1795078365189606, 0.18073555610284378, 0.18158408439543466, 0.18202776691219288, 0.18205034328331135, 0.18164598050882358, 0.18081986994375096, 0.17958832032244834, 0.17797831742343131, 0.17602656487700766, 0.17377806490282746, 0.1712843368936934, 0.16860140068359428, 0.16578766653317142, 0.1629018737728433, 0.16000120548328292, 0.15713968030166756, 0.15436688871851015, 0.1517271048367601, 0.14925877016598224, 0.14699431718352057, 0.144960279480484, 0.14317762305030016, 0.14166222928859923, 0.14042546304364, 0.13947476676929785, 0.13881423236470103, 0.13844511394568537, 0.1383662560777659, 0.13857442211806612, 0.13906451569420245, 0.13982969505160225, 0.1408613850996995, 0.1421491959841606, 0.14368076019532364, 0.14544150315504314, 0.14741436509925776, 0.1495794952781074, 0.15191394295538865, 0.15439137348156462, 0.15698184140557592, 0.15965165588039112, 0.16236337569907372, 0.16507597154263737, 0.16774519040684902, 0.1703241510281386, 0.17276418865795928, 0.1750159526136451, 0.1770307407991883, 0.17876203297172635]
4.499583333333332	0.8971068843920841	[0.1852142095470068, 0.18657344070470216, 0.18743334280086665, 0.18776302314608587, 0.1875452293691343, 0.1867777333329552, 0.1854739836602843, 0.1836629318854316, 0.18138800955524703, 0.17870531307320323, 0.17568112912394954, 0.17238899524162174, 0.16890652888657648, 0.16531226912848832, 0.16168275745026872, 0.1580900423419385, 0.1545997340597959, 0.1512696705621275, 0.14814919272751703, 0.14527897406321466, 0.1426913122156824, 0.14041076834656754, 0.13845503494169395, 0.13683591976520962, 0.1355603495603457, 0.13463131749313179, 0.13404871978501626, 0.13381004675144023, 0.1339109100895285, 0.134345401007623, 0.13510628287563411, 0.13618502799485938, 0.1375717117864144, 0.13925478001219727, 0.14122070653054034, 0.143453561205557, 0.14593451057390378, 0.1486412779887024, 0.15154759539463053, 0.15462268537935778, 0.15783081930075338, 0.16113100419480988, 0.16447685673018836, 0.1678167251396001, 0.17109411819053055, 0.17424849210595925, 0.17721643052787153, 0.17993322831851363, 0.18233485753067757, 0.18436025491166874, 0.1859538281696361, 0.18706803776025546, 0.1876658781298018, 0.18772306343228617, 0.1872297231551533, 0.18619143618556214, 0.18462947778799935, 0.18258021914846573, 0.18009369628079927, 0.17723144424892753, 0.17406376279698235, 0.1706666306482479, 0.1671185108324293, 0.16349728574261885, 0.1598775301110463, 0.1563282789280233, 0.15291138424913459, 0.14968048962701483, 0.14668059217428428, 0.1439481164827365, 0.14151139498799442, 0.13939143630219256, 0.13760286428761528, 0.1361549227253712, 0.13505245902996182, 0.13429682181470934, 0.1338866279441877, 0.13381837308434205, 0.13408687443161127, 0.13468554521497647, 0.13560650792678824, 0.13684055798006994, 0.13837699233590375, 0.14020331969150013, 0.14230487069237974, 0.14466432917351124, 0.14726120890850372, 0.1500713051718295, 0.15306615637480409, 0.15621255798753603, 0.15947217806640185, 0.16280133015496864, 0.16615096359444237, 0.16946693194124784, 0.17269059533874423, 0.1757598008954859, 0.17861026506245264, 0.18117735354656314, 0.18339821823110444]
4.527708333333332	0.8915197313159315	[0.1914084600376288, 0.1931936531618727, 0.19434330667667324, 0.19481158339392518, 0.19457150596757736, 0.19361730576341502, 0.19196563023032287, 0.18965542440488362, 0.1867464293900724, 0.18331638487001814, 0.17945716215034865, 0.1752701673117437, 0.1708614225513272, 0.16633674808541787, 0.16179742674879072, 0.1573366486501863, 0.15303692032190253, 0.14896850183361246, 0.14518882462377844, 0.1417427565525675, 0.13866352607892787, 0.1359740955366188, 0.13368877946961927, 0.13181493029550573, 0.1303545512064821, 0.1293057373276648, 0.1286638844636032, 0.12842263660947215, 0.12857456704230447, 0.12911160341893857, 0.13002521598485553, 0.13130639155822083, 0.13294541621802303, 0.13493148839800562, 0.13725218283420634, 0.13989278574500114, 0.14283552362476076, 0.14605871269136553, 0.14953586365454735, 0.1532347869612311, 0.15711675656755564, 0.16113580446785455, 0.16523823205440166, 0.16936243540547552, 0.17343914687946646, 0.1773921913812761, 0.18113983910943038, 0.18459680467309464, 0.18767689425778522, 0.19029623921838268, 0.19237698085770863, 0.1938511950220122, 0.19466477774568405, 0.1947809668612269, 0.19418316149911025, 0.192876730049022, 0.19088957032529608, 0.18827129783475538, 0.18509107631571486, 0.1814342492604562, 0.177398060093068, 0.17308684117529158, 0.16860709395690862, 0.16406286886663485, 0.15955178941376982, 0.15516196362219037, 0.1509699066005207, 0.14703947998588413, 0.1434217542869594, 0.14015562909578622, 0.13726900828627872, 0.1347803200339378, 0.13270018886291152, 0.1310330998491255, 0.12977893552589878, 0.12893430623004346, 0.1284936301771156, 0.12844994723769113, 0.1287954700615461, 0.12952188800401118, 0.13062044533582123, 0.1320818167554465, 0.13389580267883175, 0.1360508652301458, 0.13853352520778556, 0.14132764103207965, 0.14441359409712654, 0.14776741093628867, 0.1513598618423416, 0.15515558723072018, 0.15911231687982558, 0.16318026131218968, 0.16730176749340936, 0.17141133945199785, 0.1754361256332949, 0.17929696477731383, 0.18291005826268641, 0.1861892966631701, 0.189049212280452]
4.569895833333332	0.8832473781293273	[0.19902947642502786, 0.20139467888897422, 0.20294820670058378, 0.20362099377041118, 0.20337033052579523, 0.2021839122708432, 0.20008208207451894, 0.19711790397488976, 0.19337493086328497, 0.18896279921066828, 0.18401104614087876, 0.17866175701618417, 0.17306177595262037, 0.1673552271147826, 0.16167700314450698, 0.1561477014176764, 0.15087026636738401, 0.1459283689104785, 0.14138635921471251, 0.13729049149972808, 0.13367104899540538, 0.13054498918599916, 0.12791876982139055, 0.12579108606529654, 0.12415533016336569, 0.12300166243153708, 0.1223186467399549, 0.12209445071310412, 0.12231764042226703, 0.1229776138899047, 0.12406472100296492, 0.1255701134078646, 0.1274853601809741, 0.12980185641024072, 0.13251004445087297, 0.13559846313415702, 0.13905263977074253, 0.14285384427242642, 0.14697773470169964, 0.1513929393255334, 0.1560596415530486, 0.16092826000337712, 0.1659383443025112, 0.17101783465573758, 0.176082854831245, 0.18103821763612213, 0.1857788120825026, 0.19019200537828407, 0.19416112562780072, 0.1975699917355093, 0.20030833041717874, 0.20227777885057932, 0.20339803501505846, 0.20361261129591976, 0.20289359657251368, 0.20124485913198212, 0.19870323732544365, 0.19533746077644187, 0.19124479804390654, 0.18654569809869137, 0.18137693644997616, 0.17588394904159876, 0.17021310806063006, 0.16450465415295626, 0.15888686197772717, 0.15347181179089478, 0.1483529097346111, 0.14360408453558246, 0.13928041993855458, 0.13541987790906754, 0.13204572961472796, 0.12916932959280175, 0.1267929260311928, 0.12491227769689765, 0.12351892875778135, 0.12260206451045107, 0.12214992695367384, 0.1221508072962237, 0.12259365409018275, 0.12346834411875779, 0.12476566228564155, 0.1264770304762506, 0.12859401680033936, 0.13110764840716663, 0.13400754493794267, 0.13728088712368428, 0.14091123693866844, 0.1448772329262629, 0.1491511971536726, 0.15369770888585818, 0.15847222380756085, 0.1634198450971284, 0.16847438104749535, 0.17355784918607162, 0.1785806031956128, 0.18344225965652028, 0.18803357941646726, 0.19223940718660262, 0.19594268941088772]
4.633177083333332	0.871077628826366	[0.20841777541586035, 0.21158385150160092, 0.2137088034438734, 0.2146868433523587, 0.21444942503664693, 0.2129723453501853, 0.21027994962540358, 0.2064457072482185, 0.20158884310104314, 0.195867222231155, 0.18946719844569945, 0.18259155026601173, 0.1754468586268867, 0.1682316856932395, 0.16112670282213604, 0.1542875427489531, 0.14784070318084333, 0.14188239714546771, 0.13647990459618942, 0.13167477202511219, 0.12748713909363635, 0.12392052110321802, 0.12096650402684024, 0.11860897205325663, 0.1168276493139527, 0.11560087368225858, 0.11490761898497381, 0.11472884216558799, 0.11504825865081565, 0.11585265192672627, 0.11713181010838358, 0.11887816176568124, 0.12108616002289485, 0.12375144300891366, 0.12686978124025056, 0.13043581131683374, 0.13444155009709283, 0.1388746867816983, 0.1437166615985241, 0.14894056172171133, 0.15450889673034812, 0.16037135902194402, 0.16646272569441645, 0.17270111548187395, 0.1789868683066241, 0.18520235742368332, 0.1912130590224489, 0.19687017827997905, 0.20201504745848875, 0.20648536418376162, 0.21012312539244038, 0.2127838537410468, 0.21434643950038973, 0.21472268405224285, 0.21386548488594198, 0.21177460137803533, 0.2084991137987282, 0.20413603544314282, 0.19882501263203153, 0.19273957337458467, 0.1860758596372626, 0.17904010924927838, 0.17183627268689958, 0.16465504353969024, 0.15766527890035117, 0.15100836487102628, 0.1447956305818122, 0.13910852134970822, 0.13400096316794083, 0.12950321532502648, 0.1256265020297979, 0.12236780936355177, 0.11971438343717858, 0.1176476331517681, 0.11614629099064541, 0.11518880450359659, 0.11475500892981887, 0.11482717506648997, 0.11539053890606703, 0.11643341443086731, 0.11794697209050656, 0.11992474416168243, 0.12236189458287061, 0.12525427253318958, 0.1285972534058492, 0.13238436359900443, 0.13660568334582274, 0.14124603001755437, 0.14628293973688367, 0.15168449295376196, 0.1574070660568233, 0.16339313957034549, 0.1695693472085238, 0.17584500770543038, 0.18211143006382366, 0.18824231439311123, 0.19409556599217354, 0.19951678823023097, 0.20434460400897556]
4.728098958333332	0.8533436794265227	[0.21998362029652702, 0.2242704237877148, 0.22721531578432252, 0.2286534816013948, 0.22847329367514183, 0.22662901259690635, 0.22314877602424443, 0.2181363638103267, 0.2117660149501718, 0.20427058352554728, 0.19592435598346974, 0.1870226824093505, 0.1778610122054571, 0.1687158765848099, 0.15982985859361432, 0.15140177672356575, 0.14358238583079938, 0.13647507200510195, 0.13014043566212194, 0.12460338218820895, 0.11986135333562056, 0.11589255639597355, 0.11266338184738976, 0.1101345494194718, 0.10826582229857531, 0.10701934519705139, 0.10636179007070491, 0.10626554551490783, 0.1067091845899378, 0.10767741171094766, 0.10916064094322438, 0.11115430676288439, 0.11365796209731545, 0.11667417960799004, 0.12020724270946483, 0.12426159196401357, 0.12883998134757194, 0.1339412974100843, 0.13955800519738332, 0.1456732097313304, 0.15225736481067542, 0.15926472378430348, 0.16662971165642948, 0.17426350119139733, 0.182051190456244, 0.18985008920718024, 0.19748970344642572, 0.20477402892261792, 0.21148669090172176, 0.2173992677262603, 0.22228279544586493, 0.2259219834498178, 0.22813113011293837, 0.22877020581387325, 0.22775919151589946, 0.22508864900477515, 0.22082474487034992, 0.21510757203732672, 0.208142533479237, 0.200185604276826, 0.19152424859332629, 0.18245642071349064, 0.1732702782585449, 0.16422694917674854, 0.15554801296940982, 0.14740846103632058, 0.13993500330642475, 0.13320886996383788, 0.12727182608504117, 0.12213399329054649, 0.11778220341930916, 0.11418790071372181, 0.11131396073061355, 0.10912012488075415, 0.10756700961628578, 0.10661882055170963, 0.10624498959746403, 0.1064209758342672, 0.10712845063504012, 0.10835504446769655, 0.11009378183898673, 0.11234228147832481, 0.11510175605501925, 0.11837581153759962, 0.12216902111045831, 0.12648523254240948, 0.13132556139419077, 0.13668602690006457, 0.1425548048263523, 0.1489091052195574, 0.15571173555540072, 0.1629074836943523, 0.17041954958990382, 0.17814636522638222, 0.1859592570211636, 0.19370150448257387, 0.20118940483069486, 0.20821593173229122, 0.2145574427205474]
4.870481770833332	0.8278608165603826	[0.2342121264264648, 0.24008702592486109, 0.24422378610251466, 0.2463611306683399, 0.24631448065278166, 0.24399915422592888, 0.23944578773785793, 0.23280478408585456, 0.22433811340463286, 0.2143988661033963, 0.2034011309185243, 0.1917845017956827, 0.17997835926682756, 0.1683708215108762, 0.1572860278761152, 0.14697158011155745, 0.13759602873146828, 0.1292547144430045, 0.12198134325119706, 0.11576244763845164, 0.11055223424263355, 0.1062860043778202, 0.10289111366009383, 0.10029512419343618, 0.09843129871408633, 0.09724186946772001, 0.09667961880368249, 0.09670828795450973, 0.09730224207916431, 0.09844570582324451, 0.10013177314189, 0.10236130044711395, 0.10514171829520837, 0.10848574104804458, 0.11240991374387581, 0.11693290610700972, 0.12207344445493618, 0.12784776220126054, 0.13426645271906537, 0.14133062854488934, 0.14902733715026775, 0.15732426331969326, 0.16616387127983426, 0.1754573093697678, 0.18507861413277696, 0.19485999042348542, 0.20458917458533302, 0.21401004911627977, 0.22282769416755616, 0.23071884881325758, 0.23734824910211522, 0.24239049264643314, 0.245556019737003, 0.24661866665156496, 0.2454413017964279, 0.24199559992613326, 0.23637229840569327, 0.22877940980405223, 0.2195277089922452, 0.2090050023672398, 0.19764270508800777, 0.18587958174023303, 0.17412780811232803, 0.16274573695656186, 0.1520201570438811, 0.1421588824386039, 0.13329270285609265, 0.12548444942261247, 0.11874235802976912, 0.11303499817622276, 0.10830558470736558, 0.10448425033332834, 0.10149760885183169, 0.09927553709582876, 0.09775549228522981, 0.09688486864745728, 0.09662193210970431, 0.09693581057711274, 0.09780591219698612, 0.09922102891313025, 0.10117827945841511, 0.10368196120363453, 0.10674231626994835, 0.11037416941035698, 0.11459536116834791, 0.11942487532119907, 0.12488054519474444, 0.13097621906358312, 0.13771827603679815, 0.14510141564451934, 0.15310370658743253, 0.1616809803209747, 0.17076080167020083, 0.1802364413736752, 0.18996150593406766, 0.19974612082464868, 0.20935576794309874, 0.2185139774807511, 0.2269099869257662]
5.084055989583332	0.791983619285417	[0.251659440423227, 0.2598106957353853, 0.26570033542873317, 0.2689067841945979, 0.26911995900758895, 0.2661846289970706, 0.26013073914325147, 0.2511837538260187, 0.23975110588744497, 0.22638528270521202, 0.21172884844225234, 0.19645044534931816, 0.18118242641335783, 0.16646980175068013, 0.1527370265639322, 0.14027487664157146, 0.12924553825573482, 0.11970112526563757, 0.11160961279276878, 0.10488252939331483, 0.09940015253073761, 0.09503174980946638, 0.09165005774481638, 0.08914038004369142, 0.08740534224245088, 0.08636654272889831, 0.08596424519558994, 0.08615601553217121, 0.08691492962573674, 0.08822773195804974, 0.09009313422610166, 0.09252030901359135, 0.0955275447521843, 0.09914097006117518, 0.10339321527965176, 0.1083218470950811, 0.11396738374396395, 0.12037067246158559, 0.12756939172840162, 0.13559343712489155, 0.14445897568425706, 0.15416102904974185, 0.164664594120988, 0.17589455445757277, 0.18772499185052582, 0.1999689700581208, 0.21237039060349983, 0.22460002111161925, 0.23625811850779202, 0.2468860139409486, 0.25598838893555276, 0.26306661733076436, 0.2676615042194516, 0.2694013003303628, 0.26804855812929435, 0.2635379568261558, 0.25599735717392585, 0.24574643185849973, 0.23327106051951776, 0.21917644815613643, 0.20412634666147175, 0.18877854103669836, 0.17372708457813768, 0.15945960652382848, 0.14633413872116344, 0.13457555167447485, 0.12428807382235908, 0.11547827836082471, 0.10808253259512725, 0.1019938632336994, 0.09708487045804101, 0.09322510192608481, 0.09029274047636142, 0.08818137938992834, 0.08680307104746414, 0.08608886879709407, 0.08598789617971714, 0.08646570756594345, 0.08750243716459952, 0.08909101361623863, 0.09123555567789378, 0.09394995497102437, 0.09725657990195, 0.10118498725629553, 0.10577049259491349, 0.11105242095560201, 0.11707183187389013, 0.1238684896721428, 0.13147683690819015, 0.13992073809891145, 0.14920680863711921, 0.15931625284502837, 0.1701953287471396, 0.18174485672491933, 0.19380960087998753, 0.2061688554236569, 0.21853009769334397, 0.23052800326251494, 0.2417312781637872]
5.297630208333332	0.7429345526669457	[0.2729287300855798, 0.28437689872203376, 0.2928719052847328, 0.2977210906295888, 0.2983947948316193, 0.2946094812252156, 0.2863886398948762, 0.27408587021847414, 0.25836084499674666, 0.24010889931559, 0.22035598089099992, 0.20013908413943343, 0.18039518673092264, 0.1618782015290601, 0.1451150120018119, 0.13040140964857963, 0.11783007861895628, 0.10733793693154252, 0.09875963653092555, 0.09187680232680004, 0.08645687920180684, 0.08227960456050226, 0.07915212270568256, 0.07691532437405048, 0.07544436517386263, 0.07464594209825066, 0.07445422101428235, 0.0748266092093264, 0.07574000586739095, 0.07718777854826261, 0.07917748282103186, 0.08172922027410788, 0.08487447301479294, 0.08865522606243671, 0.09312316970877219, 0.09833874808051749, 0.10436978096422488, 0.11128933192421214, 0.1191724310348524, 0.1280911961960887, 0.13810785398015285, 0.14926517290487823, 0.1615739376613347, 0.17499737374226107, 0.1894329437224165, 0.2046927268891992, 0.22048465734383108, 0.23639812412360894, 0.25189857342546357, 0.2663363722057388, 0.27897474930147376, 0.28903960969773373, 0.29579018957937736, 0.2986042319114992, 0.29706573015577, 0.2910390971550175, 0.2807128240130574, 0.2665995999335322, 0.24948828983337523, 0.23035411076968143, 0.21024347667038573, 0.19015588149033252, 0.1709448480656092, 0.15325367881414775, 0.1374919534309911, 0.1238488786199688, 0.11233266413621024, 0.10282247697857587, 0.09512085909883257, 0.08899825860763753, 0.08422571645925157, 0.08059540233959187, 0.07793097245748505, 0.07609064082538267, 0.07496579422246387, 0.07447740337408493, 0.07457176289913009, 0.07521645180319535, 0.07639693351201084, 0.07811391138857274, 0.0803813852953901, 0.08322527013049297, 0.08668239904239469, 0.09079971313674791, 0.09563341826564405, 0.10124785737304391, 0.10771380023484038, 0.11510579205051054, 0.1234981359980157, 0.1329590277206192, 0.14354233916255865, 0.15527660584315636, 0.1681509617594855, 0.1820981546021513, 0.19697542155738743, 0.21254493867236895, 0.22845672466265488, 0.24423810519021075, 0.2592947844687516]
5.511204427083332	0.6989205998515604	[0.29052795979707624, 0.30522488616945226, 0.3163581063094305, 0.32292995782519085, 0.32415536108004434, 0.31959615743089503, 0.30926285466695475, 0.2936553806821344, 0.273725331920822, 0.25076074853466207, 0.22621501669605534, 0.20151669342750855, 0.17790103576752656, 0.15629543230118947, 0.13727356032479437, 0.12107389873658159, 0.10766393309696824, 0.0968256205709707, 0.08824007854449245, 0.08155686608380518, 0.07644175274512405, 0.07260364740038726, 0.06980519633619228, 0.06786269341060004, 0.06664030955979196, 0.066042258709494, 0.06600508055864121, 0.06649110094257835, 0.06748340219770457, 0.0689822440090993, 0.07100270380900109, 0.07357326314937754, 0.0767350744069681, 0.08054166427024176, 0.08505883593900646, 0.09036451554506343, 0.09654823723724855, 0.10370988008719183, 0.1119571534479739, 0.1214011910515608, 0.13214947230949764, 0.14429519010552283, 0.1579021903938206, 0.17298483050781824, 0.18948266536944652, 0.20723091871596402, 0.22592930938684488, 0.24511393321382124, 0.2641392267803226, 0.2821788984345128, 0.2982550758157989, 0.31130263517224477, 0.32026991032292235, 0.32424790866153996, 0.3226095288182929, 0.31513145476022464, 0.30206849642572786, 0.2841562502000737, 0.26253315789891957, 0.23859348524473015, 0.21380153159717316, 0.18950747257884515, 0.16680276950608205, 0.14643935640962458, 0.12881759171125548, 0.11403052462383431, 0.10194179762054077, 0.09227308509580598, 0.08468235924665021, 0.07882269146058375, 0.07437920576171869, 0.07108715372942948, 0.06873647432837549, 0.06716831715854554, 0.06626788264296302, 0.06595645310096322, 0.06618418621349641, 0.06692431988069454, 0.06816888997322668, 0.06992579441985114, 0.07221694095611561, 0.07507720536252728, 0.07855394619243726, 0.08270683769410894, 0.08760777837118049, 0.09334059919558134, 0.10000022957549974, 0.10769087953056077, 0.11652266859202054, 0.12660598893854277, 0.13804276327676765, 0.15091370039681198, 0.16526075041301158, 0.18106433558117066, 0.1982157222702121, 0.21648622516494453, 0.2354968271958051, 0.2546940862966066, 0.27334040071621973]
5.831565755208332	0.659279414314112	[0.30565479412511026, 0.32357841329181203, 0.33739072186333224, 0.34575825257443943, 0.3476070040099279, 0.3423195453577075, 0.32988824554394014, 0.3109787213661986, 0.28687452814101266, 0.259304649043124, 0.23018947579968255, 0.20136532209301564, 0.17435184854940972, 0.15020956858056464, 0.12950386874633577, 0.11236083048453396, 0.09857993599323549, 0.08776409591187861, 0.0794356675304925, 0.07312142845728449, 0.06840309214239017, 0.0649389505817578, 0.0624658902684696, 0.06079072942671176, 0.05977756225865905, 0.05933516839519304, 0.059406421968084884, 0.05996026377371763, 0.06098608416086447, 0.06249008744532281, 0.06449317142933465, 0.0670299178750832, 0.0701483724711145, 0.07391035634855846, 0.07839208007433605, 0.08368481792933001, 0.08989534180766964, 0.09714570540221003, 0.10557180793079769, 0.11531995368718535, 0.126540374870605, 0.13937644017592477, 0.15394811318761967, 0.17032829193612206, 0.1885111605224475, 0.20837286874369565, 0.2296269626136207, 0.25178009623894815, 0.27409737767763315, 0.29559035564576297, 0.315042552540596, 0.33108551032016015, 0.3423306938143541, 0.3475488970046708, 0.3458713497077934, 0.33697101937932855, 0.3211760202113567, 0.29947562821271045, 0.2734039724974042, 0.24482040531614696, 0.21563643496870122, 0.18755427163717336, 0.16187514592737187, 0.1394101127484638, 0.12049342415825896, 0.10507181207079552, 0.09283051715961825, 0.08331938845079662, 0.07605457814502227, 0.07058601979413558, 0.06653246506146172, 0.06359210677871523, 0.0615382544742175, 0.060208008904471186, 0.05948928142371587, 0.059309064716402404, 0.05962411062746251, 0.060414151783641186, 0.06167733481902739, 0.06342739795686371, 0.065692151172107, 0.0685128969692957, 0.07194450559333547, 0.07605590625917381, 0.08093076405151454, 0.08666807721723921, 0.09338234615393134, 0.1012028309529775, 0.11027122597106491, 0.12073684626250017, 0.13274816617130733, 0.14643933555779062, 0.16191023153536746, 0.17919885786956063, 0.19824571310524947, 0.2188513710954963, 0.24063113174978024, 0.2629741333593134, 0.28501820998757915]
6.151927083333332	0.6068099927787358	[0.32521625831905177, 0.34792531149284467, 0.36578513721671047, 0.3769072823230163, 0.3797289655876344, 0.37332621987378467, 0.3576643701152099, 0.3337037061114549, 0.30330755603075776, 0.268956538595548, 0.23333612485691455, 0.1989070758090884, 0.1675699104218309, 0.1404951311819428, 0.11813030748557157, 0.10034111926588583, 0.08661630402866408, 0.07626989797426893, 0.06859774613058284, 0.06297350068850001, 0.05889057860318957, 0.0559666344131179, 0.05392788081059664, 0.052586372796322486, 0.05181800660088063, 0.051544639400865275, 0.05172103999655949, 0.052326092795502835, 0.0533572857888225, 0.054827566268617775, 0.05676385577824865, 0.05920673136210358, 0.06221094684166848, 0.06584657303176289, 0.07020058198439517, 0.0753786905651666, 0.08150721046836534, 0.08873451614024465, 0.09723152490056923, 0.1071902707954498, 0.11881924130326389, 0.1323336581307031, 0.14793840073878003, 0.16580096973454655, 0.18601207609055825, 0.2085325781298064, 0.23312811783021364, 0.25929737509013123, 0.2862063271374879, 0.31264822750000065, 0.33705468914421466, 0.3575833174796016, 0.372297489705897, 0.3794318570143475, 0.3777057797210176, 0.36661593330532993, 0.3466235938462742, 0.3191650400946725, 0.2864581203677573, 0.25114131572614334, 0.21583787285629302, 0.18276101926572047, 0.15345596404251927, 0.12872100232017106, 0.10868939783802743, 0.09301156505182955, 0.08106580466446786, 0.07214123061499261, 0.0655642937343044, 0.060766059412849044, 0.0573031340528216, 0.05485009388203297, 0.05317899046895524, 0.0521363322365783, 0.051622924871839566, 0.05157842545514865, 0.051970531461672305, 0.052787950798668874, 0.05403617652962261, 0.055735246506684336, 0.05791889125124245, 0.06063466798895173, 0.06394481481703519, 0.06792763410255975, 0.07267923229825675, 0.07831540509791426, 0.08497335645229334, 0.0928127654816791, 0.10201545179965474, 0.11278252646075602, 0.1253274598371248, 0.13986299743001132, 0.15657943304303198, 0.17561164429894094, 0.1969928925693345, 0.22059520374724584, 0.24605970806426342, 0.2727258891601053, 0.29957580518957133]
6.472288411458332	0.5613760063994897	[0.3418025143057945, 0.36927851326131494, 0.3912692008079604, 0.4052731385788039, 0.4091718299130995, 0.40168602699867323, 0.3827494046437246, 0.35366743093748376, 0.31697553049191746, 0.2760048879774374, 0.23426943309730772, 0.19485331643004378, 0.15997062243380403, 0.13079306057863072, 0.10753774806615583, 0.08972625243276688, 0.07649778870654017, 0.06688135034423792, 0.059978576517967355, 0.05505375674505337, 0.05155388478396659, 0.04908875418030313, 0.04739576843622612, 0.046304622414978375, 0.045708628879881065, 0.04554413405317961, 0.04577694659047584, 0.04639398896864567, 0.04739853318457913, 0.04880780984049896, 0.05065219793136604, 0.052975518145056924, 0.05583615953398154, 0.05930888850145874, 0.06348724040410608, 0.06848638677843115, 0.0744463023168682, 0.08153490933649964, 0.08995062737394381, 0.0999233676261279, 0.11171245523315446, 0.12559922843531088, 0.14187120709768472, 0.16079392241978013, 0.182566139752797, 0.20725494868230074, 0.23470997177488176, 0.26446175277777845, 0.29561874824636064, 0.3267893791920562, 0.35606694252193805, 0.3811195167181025, 0.3994163088805583, 0.4085903859196144, 0.40688776445108493, 0.39359953217389376, 0.36934311505124445, 0.33607645998386104, 0.29680206365195183, 0.25502358659958535, 0.21410926698567162, 0.17674754307752263, 0.14463524318450607, 0.11844240579154153, 0.0979999226310942, 0.08259987362001821, 0.07129738558641888, 0.06314105149778312, 0.057307659355450145, 0.05315352067673302, 0.05021094271797748, 0.048158174382405786, 0.04678284489673632, 0.045949529521492186, 0.04557515268703818, 0.045612119213581576, 0.046037580470061006, 0.04684705781496013, 0.048050988313823026, 0.04967320079212726, 0.051750701787920426, 0.05433441004002982, 0.05749063860664813, 0.06130320669356883, 0.06587608521359106, 0.07133644290744613, 0.07783785520908709, 0.08556324338725203, 0.09472679719469417, 0.10557366473966097, 0.11837554658316368, 0.13341952261524204, 0.15098657885050762, 0.171315656406563, 0.194549135128132, 0.22065729481226723, 0.24934347846309596, 0.279939264746968, 0.31130989738162196]
6.792649739583332	0.5217480878781682	[0.3560941607639848, 0.3883155687394965, 0.4145093743784505, 0.43150851249849687, 0.43657500779914427, 0.42802719069505246, 0.4057638660685625, 0.37148750303134753, 0.32849690569338263, 0.2810658313983586, 0.23358585240207386, 0.1897455804546412, 0.15199176849883364, 0.12138711497636893, 0.09781920141608637, 0.08040615714334759, 0.0679254711002977, 0.05914529029575394, 0.05301504756870451, 0.048732742292178804, 0.045733170252558616, 0.0436406299616395, 0.04221565898909764, 0.04131027325642853, 0.04083569448240224, 0.04074128715612786, 0.04100177765253276, 0.04160997971769383, 0.04257298704105555, 0.043910529108467794, 0.045654733981754535, 0.047850896233314816, 0.05055905949118154, 0.05385633915444855, 0.05783996240885348, 0.06263100112976967, 0.06837871286828327, 0.07526526380271768, 0.08351034688442009, 0.09337477437689697, 0.10516145358326559, 0.11921119570020142, 0.13588956488688636, 0.1555595929093775, 0.17853407953757147, 0.2050012082356108, 0.23491968234588215, 0.26788624136642575, 0.30299065911766454, 0.3386908698221754, 0.37275979471762666, 0.4023667368772044, 0.4243468132825523, 0.43567035301626433, 0.43405078043001577, 0.4185456527856378, 0.3899530138243705, 0.3508277076704274, 0.3050542237581588, 0.25707679163147534, 0.2110250726654214, 0.1700100502720418, 0.13577952635260498, 0.10876593738276659, 0.08841628874771858, 0.0736289670381315, 0.06314402020968024, 0.055805007784868084, 0.050683307332927315, 0.04709989280500603, 0.04459109671085242, 0.04285565208348285, 0.04170465940710825, 0.04102300893032838, 0.04074303711830631, 0.04082798557396227, 0.041262278558192034, 0.042046187400279676, 0.043193228541491165, 0.0447292912074414, 0.04669293707711234, 0.0491365902958197, 0.05212849491176863, 0.0557553979503801, 0.06012594115540846, 0.06537471508544128, 0.07166683229253319, 0.07920268104152198, 0.08822218138920365, 0.09900732098729628, 0.11188093791633846, 0.12719861001881722, 0.14532916656235573, 0.1666180195658309, 0.19132682797860756, 0.21954405053678408, 0.25106528977097364, 0.2852516659781441, 0.3208895687976877]
7.1130110677083325	0.4869497427111785	[0.3685307070898016, 0.4054687005463424, 0.4359253970369421, 0.45602033019033933, 0.46233519119616245, 0.4527401597070382, 0.4270970768350574, 0.38755813646069426, 0.33827523028956324, 0.2845494682382769, 0.2316857343966941, 0.1839427428654098, 0.1439095651967212, 0.11243263327664425, 0.08898670407630868, 0.07224973401100143, 0.060645998402785235, 0.05271937555147027, 0.0473114318728869, 0.0435916402342605, 0.04100794414627379, 0.03921260642632875, 0.037994297016055036, 0.03722756838663441, 0.03683969373722767, 0.03679068731896149, 0.03706201521554765, 0.03765059487719705, 0.038565909360627516, 0.03982899034975955, 0.04147261785323478, 0.04354243109788123, 0.04609884001302148, 0.04921973251604654, 0.0530040252193588, 0.057576113116444165, 0.06309123022433415, 0.06974160932587638, 0.07776307810664689, 0.08744127672343377, 0.09911593411088401, 0.1131804918330156, 0.1300727524698284, 0.15025022743571637, 0.17414186238326473, 0.20206678476536452, 0.23411241368900676, 0.2699712383259313, 0.308750435027296, 0.3487920891353441, 0.3875701215575582, 0.4217512637862428, 0.44750214708026903, 0.46107313633010727, 0.4595878332927003, 0.4418434642902966, 0.40884430645883824, 0.3638173993062437, 0.31162249533961556, 0.25770919841521256, 0.2069696969521583, 0.16287138106432317, 0.12710863705834963, 0.09977673356054194, 0.07987750889827126, 0.0659029950809524, 0.05630333458338001, 0.049759812649013684, 0.045280697846151366, 0.04218343243303248, 0.04002745132385206, 0.03854071168207771, 0.03755997949145745, 0.03698937577733057, 0.036774403505159134, 0.036886819085933935, 0.037316331422225985, 0.038066363867170994, 0.03915221463553814, 0.04060070330131516, 0.04245084958617278, 0.04475539007888062, 0.04758308403772325, 0.05102183475990155, 0.05518268425027932, 0.0602047221653256, 0.066260872093673, 0.07356433721315245, 0.08237514772874366, 0.09300566425066593, 0.10582295668724877, 0.12124459902892148, 0.13972259104684415, 0.16170803839215123, 0.1875875434907154, 0.2175823130295156, 0.25160497022923073, 0.28907969621130253, 0.3287506740609276]
7.433372395833333	0.45619977160872954	[0.37942082417825984, 0.4210381364321399, 0.45580508551530785, 0.4790845599499115, 0.486719860248922, 0.47608864380130367, 0.4470146626806974, 0.4021531077024317, 0.3465966089350179, 0.2867509522069507, 0.22885723813426087, 0.17769683635033356, 0.1359049668145571, 0.10401084916888342, 0.08100988708660069, 0.06512314211728117, 0.054445478789769505, 0.047339331975861675, 0.04258047566656303, 0.03934039861400059, 0.037097268003803245, 0.035537999317332036, 0.034480002225099365, 0.03381832825592365, 0.03349365170968766, 0.033474279673662274, 0.03374660095245556, 0.034310309928165236, 0.03517630103972096, 0.03636613421951053, 0.037912547364162885, 0.039860804439821644, 0.04227083738437322, 0.04522023581496497, 0.04880819325378019, 0.05316054035636785, 0.05843597376205713, 0.06483349327196802, 0.07260083448854662, 0.08204324015733645, 0.09353112403595391, 0.10750388798992717, 0.12446520852460317, 0.14496248598685038, 0.16954016288376647, 0.19865427872961322, 0.23253606519519324, 0.27099904114979284, 0.3132010778491852, 0.3574028140172743, 0.40080319573390444, 0.43956729898294866, 0.4691639132122786, 0.48506993406135124, 0.4837638682913891, 0.4637568639666043, 0.4262859445705405, 0.3753252710751327, 0.31679862581347495, 0.2572153673316924, 0.20221749520517868, 0.15555230337500295, 0.11875638002413337, 0.09150043430945828, 0.07229931997365757, 0.05924454608247634, 0.05053251304098189, 0.04472666187344302, 0.040809186189265545, 0.038117631337584376, 0.03624588363467792, 0.03495426085510317, 0.03410413840961729, 0.03361635154143528, 0.033447004324443266, 0.03357427537058869, 0.0339916013597112, 0.034704424338229616, 0.03572896518645251, 0.03709225404669385, 0.03883307411688686, 0.041003704689735666, 0.043672476017663955, 0.04692722152069921, 0.050879751296000676, 0.05567147332850329, 0.06148023511841385, 0.06852830652578078, 0.07709110334389253, 0.0875056527364247, 0.10017678109161349, 0.11557740063574935, 0.1342369762068536, 0.15670937560272316, 0.18350845716303069, 0.21499844751484878, 0.25122920484602945, 0.2917178005170041, 0.3352012419583805]
7.753733723958333	0.4288685212456789	[0.3889943631307131, 0.43524537454560225, 0.4743581592466673, 0.5008999833505845, 0.5099204496937703, 0.4982616838707474, 0.46570908023202834, 0.4154743343133338, 0.35367598081598006, 0.287894211656711, 0.22531731354427353, 0.17119101510922793, 0.12809782137417616, 0.09615751723528582, 0.07383634784764731, 0.05889875888977405, 0.04914448900849121, 0.042799070733333375, 0.038609671224890695, 0.03577281952420993, 0.03380710340835341, 0.03243606517600957, 0.03150397736460767, 0.030923465847705143, 0.030645949495044667, 0.030646027599688222, 0.030913629066248175, 0.03145029399564352, 0.03226768212347677, 0.03338739000466336, 0.03484167838826369, 0.036674978573323316, 0.03894619107809093, 0.04173187786525281, 0.04513050915872296, 0.04926796348325547, 0.05430448333058231, 0.060443227148404194, 0.06794037112477051, 0.07711630038382596, 0.08836663330220039, 0.10217043177865727, 0.1190907248346004, 0.13975925632073052, 0.16483334102389607, 0.1949088569440262, 0.23037212839736848, 0.27117912144717904, 0.31656887881763285, 0.3647543199861639, 0.4126854196593563, 0.4560305858260587, 0.4895360442275605, 0.5078552981874908, 0.5067684469144136, 0.4844758293174175, 0.44247441642113894, 0.3855596466328626, 0.3208032404319144, 0.25581852513484954, 0.19697230035881708, 0.14820772169885374, 0.1108022155634047, 0.08392807068268572, 0.06558923213905152, 0.053496865955238185, 0.045635853557743807, 0.04049418064474638, 0.03705830007714643, 0.03470199160479275, 0.03305906245298841, 0.031921781693111856, 0.031173487265274767, 0.03074884538094976, 0.030612220254346446, 0.03074653842466244, 0.031147829863441577, 0.031822785367372985, 0.03278799367048443, 0.034070242821636516, 0.035707642550953905, 0.03775151876323006, 0.04026914209190979, 0.04334742436924839, 0.047097765938682, 0.05166225999173487, 0.05722143661891883, 0.06400361453767117, 0.07229564368518289, 0.08245424016594755, 0.09491605130366015, 0.11020280905275237, 0.12891521562903532, 0.15170552452133973, 0.17921464230983522, 0.21195659530687655, 0.2501347329404026, 0.2933853580829204, 0.3404714731916875]
8.074095052083333	0.40444463126758523	[0.3974299212219792, 0.448261267902999, 0.4917445319222164, 0.5216164169145328, 0.5320802509556276, 0.5194010083604164, 0.48332622632556943, 0.4276775646890075, 0.35968177434438614, 0.2881555454086093, 0.22123428090638672, 0.16456103499906913, 0.12056668218275544, 0.08887968392288002, 0.0674032735352385, 0.05345941322564228, 0.044593407032559006, 0.03893697196876698, 0.03523974287942723, 0.032739397228077984, 0.030999850009815394, 0.0297802315304285, 0.028948613832258812, 0.02843215251271224, 0.028190686351014047, 0.028203536207795248, 0.028463168182594253, 0.028972332695664633, 0.029743034666785212, 0.030796598648726022, 0.0321645391016952, 0.033890168109317116, 0.036030996107381634, 0.038662064264097074, 0.041880413807478284, 0.0458109521628889, 0.05061400693758572, 0.05649483549365223, 0.06371521831029218, 0.07260689872689692, 0.08358586066704177, 0.0971649946933423, 0.11396025560364495, 0.13468165501643317, 0.1600953573805922, 0.1909376178156617, 0.22775790954806346, 0.27067256791124034, 0.31902948153257854, 0.37102655313859423, 0.42339219264756717, 0.4713066339581827, 0.5087730916720143, 0.5295752261374823, 0.5287434027886964, 0.5041434247062806, 0.45755991530386153, 0.39468261872317156, 0.3238099642192301, 0.253693648253638, 0.19138948389312532, 0.14094743984037766, 0.10328977626580557, 0.0770305533795202, 0.059654711694197, 0.048523753422905824, 0.04145550026133192, 0.036900579825654076, 0.033873104543762876, 0.03179293285220358, 0.030335119072968025, 0.02932146568290947, 0.02865406488926383, 0.028278697027233162, 0.028166055566598843, 0.028302555005729257, 0.028686021907117932, 0.029323883740398873, 0.030232743284087163, 0.031438865317888254, 0.0329794149744022, 0.034904449277536054, 0.03727976194303698, 0.0401907548230533, 0.04374757041102673, 0.048091765164260065, 0.053404812809856726, 0.05991865563067743, 0.0679282867108949, 0.07780580538751669, 0.09001432055586098, 0.10511817629081337, 0.1237828994056826, 0.1467538146242999, 0.17479677797595064, 0.2085795467926538, 0.24847175978005168, 0.29425200553966874, 0.3447404152247709]
8.394456380208332	0.3825096941269267	[0.4048707652297046, 0.46022214595229066, 0.5080904851914319, 0.5413508126370411, 0.5533103235786039, 0.5396166501440113, 0.49998066723084283, 0.4388871505689035, 0.36475020641763223, 0.2876775166122032, 0.21674143368532456, 0.1579085357340353, 0.11336128098017995, 0.08216619171295052, 0.06164431327606846, 0.04870004546659208, 0.04066804488200981, 0.03562578796385486, 0.032350060656144826, 0.030129910495310004, 0.028575682592001005, 0.027479326233234517, 0.02672927788693189, 0.026264439204616654, 0.026051174461898193, 0.026072345315440247, 0.02632224547975741, 0.026804407357040486, 0.02753090989201462, 0.02852261458960162, 0.02981012764587926, 0.03143546847035529, 0.033454531744353165, 0.03594051106818951, 0.03898852673675886, 0.04272177187898611, 0.04729955020456582, 0.05292759595496484, 0.05987098126041839, 0.06846961315253006, 0.07915560375338294, 0.09247035064477135, 0.10907655861160676, 0.12975619772958938, 0.15537929566459036, 0.186821156598316, 0.22479973701118425, 0.26960650755040744, 0.32072312651439294, 0.37636388681996413, 0.4330639537212032, 0.48552688344209016, 0.5269963782442872, 0.5503431806167044, 0.5497986183780752, 0.522871234948349, 0.4716613466986639, 0.4028245822321107, 0.3259595047944631, 0.25098119926684775, 0.1855894230401971, 0.13384913998271333, 0.09623854173039176, 0.07076758072298082, 0.05440761075159457, 0.04420824074262546, 0.03786410578630827, 0.03382111872867025, 0.03113799225397931, 0.02928558309200115, 0.02797881821457301, 0.027065665857608376, 0.026463785210439572, 0.026127739515077325, 0.026033044820513763, 0.026168686495088564, 0.02653373806436892, 0.02713602595460558, 0.027991943458662356, 0.02912706100485641, 0.030577436283377196, 0.03239166330356448, 0.03463378953912561, 0.03738730673160615, 0.04076049436016801, 0.04489346235232459, 0.04996728301926362, 0.056215578560464705, 0.06393875510405325, 0.07352059468713362, 0.08544588088328182, 0.10031576754604991, 0.11885423293600514, 0.1418937888999572, 0.17032173858925673, 0.20496118112547843, 0.24635782350678953, 0.29445251420680785, 0.34815149625000225]
8.714817708333332	0.36271886041269513	[0.41143466570673354, 0.47123969963268897, 0.5234985392285049, 0.5601970608189347, 0.5736991783277402, 0.5589964592857064, 0.5157649374724528, 0.44920510932375385, 0.3689941364535357, 0.28657770232444846, 0.21194581466853565, 0.1513098152766993, 0.10651084651057027, 0.07599453958864756, 0.05649366620859793, 0.04452793782588748, 0.037265671199055106, 0.03276497880483417, 0.029848402705518234, 0.027861858202659386, 0.02646067199113045, 0.025466013531586344, 0.024783344525353124, 0.024360940368505866, 0.02417021030462952, 0.024196690194723536, 0.024436004523942883, 0.024892179502209278, 0.025577193908296453, 0.026511330957478818, 0.027724196705275185, 0.029256420445964996, 0.031162147570352055, 0.03351251602202138, 0.036400390074273946, 0.03994671343093705, 0.0443089299835165, 0.04969197928759855, 0.056362346629297747, 0.06466541817015042, 0.07504574822801073, 0.08806843537544465, 0.1044371029865383, 0.12499934461684337, 0.15072343066496405, 0.18262094056383893, 0.22158135718957714, 0.2680832141913271, 0.3217641960712202, 0.38088489539610926, 0.44181605107050537, 0.4987985895425246, 0.5443038409828739, 0.5702498390759895, 0.5700216289773208, 0.5407487757534324, 0.4848755093219153, 0.410093184256413, 0.3273684369002225, 0.24779587729132505, 0.17966630025575817, 0.1269670209159974, 0.08965158312482638, 0.06509327722929693, 0.0497664248167464, 0.040450707219479805, 0.03475889804427594, 0.03115899588715519, 0.02876563517403027, 0.02710195350400209, 0.02591978177150191, 0.025089613858919533, 0.02454179912775699, 0.02423778822013012, 0.024156781417281985, 0.024289678539005998, 0.02463642289522007, 0.025205017469948538, 0.026011506642945503, 0.027080666732477745, 0.02844735688337402, 0.030158596774261623, 0.03227652235952913, 0.03488245136115835, 0.03808237582927875, 0.04201428823699922, 0.04685782489902733, 0.05284673644935204, 0.06028458630993765, 0.0695636759053238, 0.0811862230517672, 0.09578484005421029, 0.11413577120468614, 0.13715253157954285, 0.16583934783677365, 0.20117439026552433, 0.24388658502351146, 0.2940961475495095, 0.35082220552797233]
9.03517903645833	0.34478591211035375	[0.41722030548546823, 0.4814073707000683, 0.538053797921393, 0.5782322749278266, 0.5933189822019216, 0.5776122048380289, 0.5307555177887778, 0.4587169770046169, 0.37250884286890557, 0.2849545090034452, 0.20693419503793498, 0.14482192696014928, 0.1000298853508657, 0.07033547801985938, 0.05188846125766197, 0.04086216576612316, 0.03430148581569608, 0.030274814005905867, 0.02766362306549772, 0.02587259216425926, 0.024599012229330624, 0.023689435246986423, 0.0230633408706294, 0.02267644154983956, 0.022504063139297856, 0.022533786903072426, 0.022762220314076313, 0.023193688677919662, 0.0238399595327473, 0.024720671885445106, 0.025864386188523485, 0.02731029584898305, 0.029110727858069254, 0.0313346417605256, 0.034072426622509075, 0.03744239953269806, 0.0415995216702405, 0.046746947681623574, 0.05315105721909036, 0.06116046949165317, 0.07122899233194684, 0.08394111994873622, 0.1000359586749121, 0.12042050934985492, 0.1461552820381549, 0.17838425415788808, 0.21816955891953738, 0.2661861796887502, 0.3222475245892294, 0.3846887536666502, 0.44974514550115063, 0.5112111921004151, 0.5607763484054118, 0.5893693414092305, 0.5894837791040076, 0.5578495355270761, 0.4972830084669821, 0.41657912852422235, 0.3281349806161141, 0.2442325048426499, 0.1736941670225749, 0.12033782099416532, 0.08352087993728924, 0.05995980128905086, 0.04565726038386455, 0.037166802612369564, 0.032056862442128194, 0.028838611156412522, 0.026689286378903058, 0.025183060043609044, 0.024104899995363225, 0.02334431140547754, 0.02284187904447158, 0.02256445003353339, 0.02249406414750211, 0.02262306834726156, 0.022952016045669047, 0.023488940119181605, 0.024249451190266513, 0.02525747844531288, 0.02654663948135854, 0.028162325423380236, 0.030164669217809602, 0.03263264996592766, 0.035669683245261964, 0.03941115693918239, 0.04403448240604184, 0.049772306905966276, 0.0569294954107059, 0.06590417763172247, 0.07721227403511619, 0.09151296969512801, 0.10962887225782873, 0.13254821401464237, 0.16138690169970293, 0.19727639259957439, 0.24113370431499154, 0.2932728747951862, 0.35285046275312115]
