I_value	Tstar	ystar
11.339164343107473	1.5705579823891391	[0.17038400281360558, 0.1706155372885442, 0.17065158496763438, 0.1704904026005027, 0.17013423899719815, 0.16958932809992538, 0.168865757552681, 0.16797721664092288, 0.16694063420540386, 0.16577572299776952, 0.16450445181465065, 0.16315046979363165, 0.16173850876550316, 0.16029378895525828, 0.15884145131110272, 0.15740603605331338, 0.1560110226296183, 0.154678441049067, 0.15342855955020815, 0.15227964859130133, 0.15124781712667326, 0.1503469136863816, 0.14958848262658236, 0.1489817644502202, 0.14853372889432226, 0.14824912974689652, 0.14813057162536217, 0.14817858034648534, 0.1483916706031467, 0.14876640656292525, 0.14929745333522174, 0.1499776191764846, 0.15079789049256834, 0.1517474633262849, 0.15281377681657354, 0.15398255521354937, 0.1552378662217741, 0.1565622037777007, 0.1579366036769269, 0.1593407997739919, 0.16075342763302145, 0.16215228055403938, 0.16351462075661544, 0.16481754526755205, 0.16603840279314125, 0.16715525374808513, 0.16814736189302434, 0.168995701986025, 0.16968346483956015, 0.17019653850460406, 0.17052394334645565, 0.17065819872695687, 0.17059560108118876, 0.17033639629792277, 0.16988483442104368, 0.16924910037410104, 0.16844112133757935, 0.16747625792301785, 0.16637289294985244, 0.16515193675419834, 0.1638362722554373, 0.1624501650023999, 0.16101866416312172, 0.15956701879716575, 0.15812013113685247, 0.15670206422672692, 0.15533561667092852, 0.1540419718055278, 0.1528404238302285, 0.15174817865362986, 0.15078022369424451, 0.14994925783563592, 0.14926567116072045, 0.1487375630423646, 0.14837078743511747, 0.14816901479097527, 0.1481338015792386, 0.14826465995657886, 0.14855912232907534, 0.14901279749910473, 0.14961941739712614, 0.150370875302995, 0.1512572585290069, 0.15226688011513156, 0.15338631567529906, 0.154600452559577, 0.1558925593833513, 0.1572443841944846, 0.15863628947203431, 0.1600474312860819, 0.16145598865087968, 0.16283944696013078, 0.16417493678256379, 0.165439625949319, 0.16661115922364364, 0.16766813583204315, 0.16859061126824582, 0.1693606061601582, 0.16996260214459433]
11.353306478731204	1.5676295746687061	[0.17613024390438367, 0.17650563692750706, 0.17657661864758162, 0.17633926904133312, 0.17579653996464248, 0.17495828883413078, 0.17384105227619337, 0.1724675669059231, 0.1708660611945986, 0.16906935754669, 0.16711383533328678, 0.16503831301526958, 0.16288290964478747, 0.16068794339784642, 0.15849291752989098, 0.15633563371013617, 0.15425145998227052, 0.1522727674125943, 0.15042853671808795, 0.14874412524520048, 0.14724117592030414, 0.14593764394049225, 0.14484791365690958, 0.1439829774478901, 0.14335064958702165, 0.14295579104303738, 0.1428005249182571, 0.1428844267460851, 0.14320467838884968, 0.14375617890343628, 0.14453160994642508, 0.1455214573533356, 0.14671399406607397, 0.14809523296787502, 0.1496488610632164, 0.15135616917366307, 0.15319599347180618, 0.1551446870323319, 0.1571761405955278, 0.159261872064222, 0.16137120331644186, 0.16347154077572218, 0.16552877234767477, 0.16750778796339966, 0.16937312383142958, 0.17108972205385953, 0.17262378770068032, 0.17394371565008115, 0.17502105012805028, 0.17583143212415348, 0.17635548453583755, 0.1765795831108736, 0.1764964634865933, 0.17610562131564161, 0.1754134732386233, 0.17443326074588167, 0.1731846954190795, 0.1716933612531914, 0.16998990591583324, 0.16810906638573295, 0.16608858400779955, 0.16396806882210868, 0.1617878727344634, 0.1595880260491429, 0.15740728288172928, 0.15528230922443287, 0.15324703431995457, 0.15133217286805264, 0.14956491364252095, 0.14796876018177252, 0.14656350191047263, 0.1453652894613691, 0.14438678604937621, 0.14363736705895414, 0.1431233421732002, 0.14284817775073055, 0.14281270138992852, 0.14301527513457418, 0.14345192842147922, 0.14411644625045733, 0.1450004122503692, 0.14609321005872972, 0.14738198995340648, 0.14885161074334827, 0.15048456979921715, 0.15226093648928174, 0.15415830637858358, 0.15615179493336448, 0.1582140902509107, 0.16031558398116472, 0.16242459817406937, 0.1645077227429809, 0.1665302737186301, 0.168456876122422, 0.17025216753446512, 0.171881609279779, 0.17331238246678263, 0.17451433633245136, 0.1754609477372697]
11.381590749978665	1.5647099872972126	[0.18044448656940654, 0.1809395017032746, 0.18104441063353818, 0.18075301403341246, 0.18006854183854185, 0.17900374647131667, 0.1775805955051457, 0.17582957336999827, 0.1737886305992999, 0.17150184515181952, 0.16901787997803663, 0.16638833297078118, 0.16366607781735298, 0.16090368827905907, 0.15815202417812796, 0.15545903826296106, 0.15286884032130882, 0.15042103254596523, 0.1481503089108378, 0.1460862946319175, 0.14425358885918615, 0.14267196678930535, 0.14135669410035095, 0.14031890834500604, 0.13956602555623368, 0.13910213704052962, 0.13892836789380025, 0.1390431768053048, 0.13944258321240194, 0.1401203150436514, 0.14106787542555224, 0.142274532503767, 0.14372724034991488, 0.1454105037078015, 0.14730620240139725, 0.14939339553643888, 0.15164812825462093, 0.15404326759582673, 0.15654839574056317, 0.1591297912292007, 0.16175052814850935, 0.1643707223426296, 0.16694794879898905, 0.16943784826054345, 0.1717949304222653, 0.17397356913354056, 0.1759291691036805, 0.1776194679448977, 0.17900592008590735, 0.18005509522519225, 0.18074001215069438, 0.181041324120827, 0.18094827267941582, 0.18045933690820218, 0.17958252121679066, 0.17833524905332468, 0.17674385693883257, 0.17484271349905434, 0.17267301517953046, 0.17028133431753456, 0.16771801041400544, 0.16503548349836905, 0.16228666575976364, 0.15952343808918418, 0.15679534039709966, 0.15414850407312647, 0.15162485127593564, 0.1492615644482936, 0.14709080955821888, 0.14513968242399974, 0.14343033681219564, 0.14198024865943285, 0.14080256940355854, 0.13990652489831729, 0.139297821014213, 0.13897902442614538, 0.1389498938341562, 0.13920764479362321, 0.1397471375999909, 0.1405609844089188, 0.14163957666467522, 0.14297103922386362, 0.14454112132968885, 0.14633303899566547, 0.14832728656868496, 0.1505014391674197, 0.1528299704972496, 0.15528411374355347, 0.15783179493356425, 0.16043766943941276, 0.16306329125188057, 0.16566744210728915, 0.16820664179640193, 0.17063585286026442, 0.1729093812860678, 0.1749819610064646, 0.1768099938774312, 0.17835290028456463, 0.1795745195816335]
11.409875021226126	1.5588971372882678	[0.1872625121862936, 0.187966012341754, 0.1881371820202805, 0.18776502328545397, 0.18685273175425715, 0.18541794732330624, 0.1834923044655233, 0.18112029457906828, 0.17835751125953378, 0.17526840123901616, 0.17192368274370157, 0.1683976145395881, 0.1647653008379665, 0.1611002005771786, 0.1574719774463447, 0.15394478501321285, 0.1505760349285358, 0.14741565182748576, 0.14450578017716253, 0.14188087985645126, 0.13956812904544122, 0.13758804578862646, 0.1359552407100263, 0.1346792218082171, 0.1337651842634966, 0.13321473288544816, 0.1330264988797982, 0.13319662631049384, 0.13371911461199953, 0.13458601326307737, 0.13578747163450675, 0.13731165331856293, 0.13914452855415657, 0.14126956319028597, 0.14366732643750887, 0.14631504487527539, 0.14918613481798854, 0.152249751328311, 0.15547039730647325, 0.15880764183280033, 0.16221600009734582, 0.16564502902039385, 0.16903968944915462, 0.17234101879434469, 0.17548714377380958, 0.17841464358318107, 0.1810602471770053, 0.18336281828232923, 0.18526554817002486, 0.1867182451134102, 0.18767958242110566, 0.18811915092245432, 0.18801915794441934, 0.18737562834978827, 0.18619899190650088, 0.18451398602260724, 0.18235885670178595, 0.17978390011152487, 0.1768494424481786, 0.17362340266534756, 0.170178612594294, 0.1665900814962715, 0.16293238370530264, 0.15927732378408943, 0.1556919950884226, 0.15223730340066965, 0.148966980532808, 0.14592707165822316, 0.14315584573237683, 0.14068405567526593, 0.13853546170633077, 0.13672752910929956, 0.1352722161076969, 0.134176778736001, 0.13344453253831412, 0.13307552615215046, 0.13306709518656484, 0.13341427783435522, 0.13411008340134223, 0.13514561384200846, 0.1365100443242287, 0.13819047467050766, 0.14017166744284304, 0.14243569327359987, 0.14496150796657437, 0.14772449135651755, 0.1506959828250678, 0.15384285460310526, 0.15712716903745552, 0.16050597105703557, 0.16393126922794884, 0.1673502586617439, 0.1707058336393086, 0.17393742769840348, 0.1769822017906002, 0.17977657838007047, 0.18225809043279184, 0.18436748235947248, 0.18605096684926076]
11.46644356372105	1.5531191613620703	[0.19282303883486143, 0.19371520456177554, 0.19395290573340643, 0.19352004148962382, 0.19241927509624884, 0.19067248422888045, 0.1883201865840673, 0.18541995297737446, 0.18204391554448085, 0.17827556047830773, 0.17420605786557503, 0.16993041219569818, 0.1655437174953347, 0.1611377688319114, 0.15679822682036465, 0.15260246080594986, 0.14861812195029575, 0.1449024281815159, 0.14150208670908787, 0.13845374107696906, 0.13578480871052157, 0.13351457148598664, 0.1316553904330291, 0.1302139346758861, 0.1291923365413423, 0.12858920959459963, 0.1284004871379395, 0.12862005870941545, 0.12924019527597216, 0.1302517661477039, 0.13164425637294813, 0.13340560030227835, 0.1355218488143953, 0.13797669317332611, 0.14075087021971533, 0.14382148095052058, 0.1471612586873051, 0.15073783363340265, 0.1545130472107732, 0.15844238185683235, 0.16247457767756168, 0.16655151617342412, 0.17060844921462004, 0.174574648655235, 0.17837453362645478, 0.18192931051430933, 0.18515912094180534, 0.18798565129460912, 0.1903351020975714, 0.19214136723015185, 0.1933492228194929, 0.19391729725964701, 0.19382057778365128, 0.19305222740833963, 0.19162452340378408, 0.18956880011531013, 0.18693436012139916, 0.18378641655866243, 0.18020321470856698, 0.176272559665342, 0.17208801961438916, 0.16774509516907468, 0.1633376235297523, 0.15895464679559512, 0.1546779040988656, 0.15058003857868066, 0.1467235318552167, 0.14316032058905528, 0.13993199644012844, 0.13707046638276166, 0.13459893298509748, 0.13253306281139185, 0.13088221999471197, 0.12965066838349884, 0.1288386639800605, 0.12844338784541962, 0.1284596848230738, 0.12888059534952123, 0.1296976750526876, 0.13090111097958135, 0.13247964434600012, 0.1344203190340728, 0.13670807355431633, 0.1393252026668083, 0.14225071443547133, 0.1454596190404892, 0.14892218831626577, 0.15260323832291225, 0.15646149224383638, 0.16044909459699422, 0.16451135084949237, 0.16858677450329834, 0.1726075173711944, 0.17650025251781737, 0.18018755527841238, 0.1835898007072264, 0.18662755105905193, 0.18922436145253874, 0.1913098758773204]
11.579580648710898	1.541666760612023	[0.20200546864223765, 0.20324305334679532, 0.20361245441280953, 0.20308668974040156, 0.20166651174972955, 0.19938135719171812, 0.19628855272643883, 0.19247078403897575, 0.18803201767580607, 0.18309222604079728, 0.17778138310037928, 0.17223325366735973, 0.16657948752303445, 0.16094445613505778, 0.15544115111464926, 0.15016832063802465, 0.14520887693366022, 0.14062948313910553, 0.1364811359475401, 0.13280050594917664, 0.12961178054443187, 0.12692876688481056, 0.12475704668967412, 0.12309601965255726, 0.12194072044554526, 0.12128333803204536, 0.12111440285052154, 0.12142363414458243, 0.12220045816813428, 0.12343421779804989, 0.12511409897279877, 0.12722879972859272, 0.12976596731815912, 0.13271142799681462, 0.13604823592847803, 0.13975557162501984, 0.14380752906683958, 0.1481718425905295, 0.15280862144195664, 0.15766917867562966, 0.16269506191185926, 0.1678174115422913, 0.1729567854376206, 0.17802359151046385, 0.18291925777809356, 0.18753823760634714, 0.19177089499485164, 0.19550723935164263, 0.1986413874202193, 0.2010765285900676, 0.202730073724331, 0.2035385906987635, 0.20346209021341524, 0.20248723428431922, 0.20062910584476293, 0.1979312967548336, 0.194464232754377, 0.1903218343719567, 0.18561678798750453, 0.18047484265500005, 0.1750286364571902, 0.16941157754256855, 0.163752261464834, 0.15816980747289738, 0.15277036316008358, 0.1476448806632901, 0.14286813195356596, 0.13849882079879913, 0.13458057594038594, 0.13114357438578927, 0.1282065429281386, 0.1257789103469334, 0.12386292393167292, 0.122455591139282, 0.12155035419432561, 0.12113844570794362, 0.12120990558486015, 0.12175426163736978, 0.12276089054907546, 0.12421908260512152, 0.12611783624773887, 0.1284454080175586, 0.1311886429073434, 0.13433211020535976, 0.13785707294597738, 0.14174032512003185, 0.14595294135281653, 0.15045899799029255, 0.15521434270816453, 0.16016550966796422, 0.16524889729561532, 0.17039034189944507, 0.17550522897723184, 0.1804992798145209, 0.18527012971465662, 0.18970977188161786, 0.19370787668525638, 0.19715591156983325, 0.19995188893050314]
11.805854818690593	1.5191688063721578	[0.21649290124634984, 0.21835833486129977, 0.21898785152697486, 0.2183305766208599, 0.2163814088922975, 0.21318329462315574, 0.20882606419189648, 0.20344180494479572, 0.19719716409377538, 0.19028335026123044, 0.18290486384158025, 0.1752680929908304, 0.16757084942381117, 0.15999371075311625, 0.15269372948459206, 0.14580072742794617, 0.13941607519581195, 0.13361360833749975, 0.12844217603408, 0.123929261055996, 0.12008513313268611, 0.11690708046253398, 0.1143833751327646, 0.11249674670484308, 0.1112272431461287, 0.11055444275414253, 0.11045903790044277, 0.11092384602817357, 0.11193431633052613, 0.1134786007071366, 0.11554724706694071, 0.11813255990471506, 0.12122765788821586, 0.12482524727879218, 0.12891612247017745, 0.13348740596585693, 0.13852054806941388, 0.14398912589812268, 0.14985650946846488, 0.15607350240508408, 0.1625761112051533, 0.16928364906623483, 0.1760974281651851, 0.18290033151418766, 0.18955756707677604, 0.1959188828590713, 0.20182244773628513, 0.20710047521172756, 0.21158648519072662, 0.2151238787663597, 0.2175752669085795, 0.21883178651088886, 0.21882149745457696, 0.21751592499967481, 0.21493391668989453, 0.21114222713525507, 0.20625259947098112, 0.20041552872816534, 0.19381129828945717, 0.18663920648999063, 0.1791060877192851, 0.17141525409438194, 0.1637568437083107, 0.156300297557098, 0.1491893549874532, 0.14253962076336724, 0.13643846846925822, 0.1309468417079207, 0.12610240876456322, 0.1219235123888977, 0.11841341257517655, 0.11556442056258041, 0.11336163954522561, 0.11178614118128509, 0.11081750237479483, 0.11043569782723202, 0.11062238925221343, 0.11136167538278628, 0.11264037271595943, 0.1144478911573205, 0.1167757563238071, 0.11961681568090775, 0.12296415231075206, 0.12680972059335327, 0.13114271465242458, 0.1359476846761415, 0.14120242981777004, 0.1468757199968169, 0.15292493312687358, 0.15929373761751753, 0.16591000003940792, 0.17268414867228474, 0.1795082677705758, 0.18625622316375773, 0.1927851154307448, 0.19893830888007483, 0.20455018446909448, 0.20945260872337487, 0.21348290742461953]
12.258403158649983	1.4757434632604174	[0.23863462685366518, 0.24164401799427795, 0.24278215230612382, 0.24194411531788557, 0.23910868657649334, 0.23434430231146428, 0.2278072658797914, 0.2197320276604979, 0.21041450568237396, 0.20019043832660438, 0.1894114356102099, 0.17842159272002914, 0.1675372288514065, 0.15703161503424018, 0.14712563457975444, 0.13798438653125983, 0.1297189716012833, 0.1223922023273824, 0.11602678218622763, 0.11061456425180258, 0.10612574586930675, 0.10251719011731764, 0.09973940483997563, 0.09774200136636912, 0.09647766820970125, 0.09590482699606533, 0.09598919779648869, 0.0967045083817017, 0.09803255409113518, 0.09996276969187472, 0.10249142227609256, 0.10562048420510611, 0.10935620050191769, 0.11370732998881541, 0.11868301422332521, 0.12429021622587422, 0.13053067329085286, 0.13739732969479695, 0.14487025852420757, 0.15291215231744398, 0.1614635604161954, 0.1704381763732901, 0.17971862183703863, 0.1891533182219013, 0.19855515539264645, 0.20770272192944597, 0.21634481101275116, 0.22420872259430172, 0.23101252326871308, 0.2364809104940033, 0.2403637079536474, 0.24245539226990662, 0.24261354881498945, 0.24077391752508534, 0.23695982797044804, 0.231284378647152, 0.22394463231761116, 0.2152082253137785, 0.2053939029085102, 0.19484836365071906, 0.18392224156346143, 0.17294799814055317, 0.16222197748273473, 0.15199204283009646, 0.1424512608779035, 0.1337372297635328, 0.12593600358622153, 0.11908922015693978, 0.11320298132656566, 0.10825720269978993, 0.10421445096327138, 0.10102763295717487, 0.09864622150251699, 0.0970209570974611, 0.09610713660767067, 0.09586669401297988, 0.09626930953447843, 0.09729277091846268, 0.09892277237118309, 0.10115228652683281, 0.10398059297257681, 0.10741199902755139, 0.11145424845357389, 0.11611658329443016, 0.12140740521810177, 0.12733147737020448, 0.13388661928713885, 0.141059879245719, 0.14882322508505208, 0.15712887867115552, 0.16590453171165148, 0.17504881628007932, 0.1844275503217987, 0.19387141373071742, 0.20317580247452993, 0.21210361574168723, 0.22039161341445845, 0.22776070577694893, 0.23393009697715872]
12.710951498609374	1.3947507106321273	[0.27184192467161844, 0.27694212452406114, 0.27904437704267193, 0.2779186653603271, 0.2735038051733233, 0.26592399603884787, 0.25548548416827277, 0.2426526066365464, 0.22800615683545775, 0.2121902033871813, 0.19585539201531085, 0.17960690966884332, 0.16396374636048905, 0.1493331758755474, 0.1360012743201091, 0.1241375791207205, 0.11381019148370797, 0.10500692914359995, 0.09765840948702635, 0.09165985761357422, 0.08688960838190775, 0.08322339231905988, 0.08054436818855487, 0.07874942260272319, 0.07775252122165566, 0.07748594008599125, 0.0779001119780543, 0.07896266478519097, 0.08065705605696571, 0.0829810504287667, 0.08594515503552277, 0.08957102463804002, 0.09388976732607797, 0.09894001864041317, 0.10476560113184115, 0.11141254741709188, 0.11892523943650507, 0.12734141381579656, 0.13668581514582354, 0.14696236464426463, 0.15814487050675693, 0.17016655760861632, 0.1829090452332264, 0.19619184020182986, 0.20976389160520312, 0.22329918317524558, 0.23639858473378422, 0.24860008277047038, 0.259398907167996, 0.2682778817691497, 0.27474660092859066, 0.27838601116408784, 0.2788930821180516, 0.2761190249785574, 0.2700944622108764, 0.2610363484626593, 0.24933418567273843, 0.23551663894526847, 0.22020320565462964, 0.20404821987045368, 0.18768552395917779, 0.17168140288571634, 0.15650115993238914, 0.14249170056858493, 0.12987949631674184, 0.11878099671348574, 0.10922130846817923, 0.10115678168426488, 0.09449778464198497, 0.08912903846181063, 0.08492606316141173, 0.08176729919412129, 0.07954218585187998, 0.07815588165026299, 0.07753145563206722, 0.07761034338264657, 0.07835172819763503, 0.07973133738929447, 0.08173997636388482, 0.0843819776949121, 0.08767362548052085, 0.0916415236522606, 0.09632080587500975, 0.10175302794263565, 0.10798353883850409, 0.11505809359591608, 0.1230184559211167, 0.13189675088839004, 0.14170838454825382, 0.15244346673079598, 0.1640568767862119, 0.17645741295647013, 0.189496864613066, 0.20296031347939167, 0.2165594387222292, 0.22993095737051678, 0.24264242479667772, 0.2542072840576095, 0.2641101607059385]
13.616048178528155	1.3208364283113567	[0.29808075018133284, 0.30523095853427434, 0.30833687466885995, 0.30702125590438073, 0.3011726315633221, 0.2909766471105888, 0.2769108014840691, 0.25970094662151133, 0.24024569582858438, 0.219521510430834, 0.1984847935064772, 0.17798684966192668, 0.1587134535068411, 0.14115446872571866, 0.1256024557381529, 0.11217418931745128, 0.10084642861995614, 0.09149714771463008, 0.08394510912237185, 0.07798318872785472, 0.07340340580506048, 0.07001360577690696, 0.06764699515757226, 0.06616626841642136, 0.06546410299708784, 0.06546152917034306, 0.06610530545212998, 0.06736504717075617, 0.0692305438780674, 0.07170945913514151, 0.07482544424598697, 0.07861657938273048, 0.08313397879128677, 0.08844032686298, 0.0946080541476676, 0.1017167941734116, 0.1098497017810465, 0.11908815512643776, 0.12950434431558447, 0.141151286267806, 0.154049959614681, 0.16817356088625005, 0.18342940867374188, 0.19963977176583822, 0.2165238537773387, 0.2336841902757362, 0.2506015821845855, 0.26664303548216706, 0.2810866163685516, 0.293165319304647, 0.3021289194501171, 0.30731867171480964, 0.3082454847854847, 0.30465905954898076, 0.2965947261487145, 0.2843871574629867, 0.26864570491153866, 0.2501936173032878, 0.22998088057373792, 0.20898569968002118, 0.1881212277727227, 0.16816172779271113, 0.14969691044881062, 0.13311654445108906, 0.11862150149986798, 0.10625354303916214, 0.09593484630726304, 0.08750914737032221, 0.08077859711617308, 0.07553305332046537, 0.07157084717401918, 0.06871169399191078, 0.0668032947687059, 0.06572343756951901, 0.06537926392275036, 0.06570502525936925, 0.06665926256738942, 0.06822199209282358, 0.07039220114482234, 0.07318575948827358, 0.07663371272584478, 0.08078083065084797, 0.0856842104188704, 0.09141167336829892, 0.09803962993336716, 0.10565002394240634, 0.1143259045371279, 0.12414513355101671, 0.135171738078542, 0.14744450908652304, 0.1609626690576459, 0.17566884518994932, 0.1914302197019343, 0.20801959305093207, 0.22509910577507908, 0.2422103502684409, 0.258775257229607, 0.27411208631169187, 0.287469691184567]
14.521144858446936	1.19123637151968	[0.34087928088631914, 0.35187414011368473, 0.35678452923757287, 0.3549022459059792, 0.3460174537287562, 0.3304881472378047, 0.3092245577846091, 0.283585157953394, 0.25520257286673176, 0.22577504886025138, 0.1968661758667903, 0.16975021355499537, 0.14532527760771488, 0.12409775380455275, 0.10622506972930414, 0.09159467062657732, 0.0799156844366154, 0.07080444223195342, 0.06385253611644306, 0.05867346874893173, 0.054929350810717884, 0.05234200227886546, 0.050693593648397456, 0.04982139825285306, 0.0496100710633667, 0.04998365467281165, 0.05089851656255137, 0.052337726262106185, 0.05430695788831602, 0.056831780400553096, 0.05995609824212409, 0.06374146705049603, 0.06826698812394538, 0.07362945208916002, 0.07994333739604899, 0.08734016193349395, 0.09596653205337483, 0.10598003998917302, 0.11754195216792272, 0.13080545980346933, 0.14589821941485942, 0.16289813074850798, 0.18180195647183775, 0.20248766203718643, 0.2246733566776762, 0.24787837737711346, 0.2713949828910068, 0.2942814971765417, 0.31538834726943543, 0.3334259456575474, 0.347076867225411, 0.3551445183336669, 0.356718458793069, 0.351326361289867, 0.3390386092023969, 0.32049696822149865, 0.29685384157654593, 0.2696296705953896, 0.24051643843949663, 0.21116798149731256, 0.18301861947047302, 0.15716080186868092, 0.1342946298632793, 0.11474382931867136, 0.09851965312748767, 0.0854089548504071, 0.0750646930798257, 0.06708364322647391, 0.061063848539281124, 0.05664087314292227, 0.05350606673289225, 0.051411807371810905, 0.05016869267063967, 0.049638707483732114, 0.04972716020370756, 0.05037505453539839, 0.051552715083157695, 0.05325493432169755, 0.05549759439870927, 0.058315565574166506, 0.06176162000694355, 0.06590607551335438, 0.07083685886930798, 0.07665963191906634, 0.08349753778757395, 0.091489994609588, 0.1007897878953175, 0.11155750810874661, 0.1239521806728246, 0.13811681501479692, 0.15415766663400085, 0.17211642219630083, 0.19193546171081086, 0.21341798537962883, 0.23618714921990225, 0.2596512219206848, 0.28298455316240423, 0.3051358026153986, 0.32487408911248117]
15.426241538365717	1.0818398324458907	[0.3758976004645601, 0.39077370008684464, 0.39755872942004505, 0.3951539620319988, 0.3832393233069557, 0.3623939155926232, 0.3340614803562557, 0.300356171947462, 0.26374873418837497, 0.22670677695202102, 0.1913722049273952, 0.15934122968763106, 0.13157652486645796, 0.10844220126895483, 0.08982430010835359, 0.07528921529234489, 0.06423827587550218, 0.056031759192234916, 0.050072073298611054, 0.045848415252770655, 0.04295195450491891, 0.04107226678064118, 0.03998425999062098, 0.03953211088508282, 0.039614038923713006, 0.04016970136214838, 0.041170695274215324, 0.04261397820118038, 0.04451774685991313, 0.046919276138704384, 0.04987427441220848, 0.05345739251264203, 0.05776357399533109, 0.06290994347929674, 0.06903786675553401, 0.07631468031122723, 0.08493435048325297, 0.09511598929843137, 0.10709871897409866, 0.12113090017457091, 0.13745131585033962, 0.15625975580078955, 0.1776748860048554, 0.20167875216632752, 0.2280501685445067, 0.25629381247784494, 0.2855777315277597, 0.31469794490422004, 0.3420925206317249, 0.36592583074240864, 0.38425380227833783, 0.3952621973952059, 0.3975454216274859, 0.3903706694848815, 0.37386144837288066, 0.34904390610082386, 0.317730171955335, 0.28225676702554575, 0.2451373728416932, 0.2087118245774775, 0.17486863230662733, 0.1448899172542561, 0.11942826951669346, 0.09859022056978264, 0.08208159785599316, 0.06936842682721514, 0.05981849508075337, 0.05280531694875398, 0.047771207241627735, 0.04425586731024915, 0.041900896662413645, 0.04044047705954034, 0.039686168440966715, 0.0395109314031734, 0.039835086766377384, 0.04061525736641964, 0.041836377389739, 0.04350640527598041, 0.04565324281994437, 0.048323382362195785, 0.05158188042212056, 0.05551332423817893, 0.06022349141842651, 0.06584137619957575, 0.0725211597467779, 0.08044351513960128, 0.0898153544687584, 0.10086673683405117, 0.11384319284424464, 0.12899125012542276, 0.14653462823784102, 0.1666386674922846, 0.18936145376058952, 0.21459223598497315, 0.2419814694552317, 0.27087213418788997, 0.3002481354708563, 0.32872078550421857, 0.3545757843623254]
16.331338218284497	0.988719485443443	[0.4060570526912968, 0.4248875578022244, 0.433626026290646, 0.43072630439208226, 0.4157482129373489, 0.389542136844181, 0.35418457179983487, 0.31266008016707236, 0.2683641299350903, 0.2245568396265318, 0.18390581863465694, 0.14821555812915665, 0.11837222089726515, 0.09446703994879206, 0.07602284489743792, 0.06224363403841895, 0.05222795979301091, 0.04511745213628379, 0.040178422024819076, 0.03683043798112898, 0.034640962545089186, 0.03330313390943838, 0.032608702030987334, 0.032422932956295274, 0.03266437888310862, 0.033290040021378815, 0.0342853028399661, 0.03565768074618732, 0.037433423522693965, 0.03965625784300399, 0.042387734355179306, 0.045708830945248344, 0.04972256959098193, 0.05455743996775951, 0.06037137149938867, 0.06735584205696538, 0.0757394234825345, 0.08578961271312117, 0.0978111538229407, 0.11213823722191299, 0.12911705745361524, 0.1490744677504427, 0.1722683427594441, 0.19881646772682487, 0.22860419233566645, 0.2611774915487977, 0.29563752358208983, 0.3305638364544018, 0.3640024264243835, 0.3935562147297428, 0.4166030771087359, 0.43063724131743103, 0.433687629925633, 0.42472471235626297, 0.40394503800593135, 0.37283680667988894, 0.333984086413181, 0.29064551182189347, 0.2462145581189057, 0.2037021168054484, 0.16536442048332178, 0.13254104962958596, 0.10569685024600822, 0.08460737708284599, 0.06860607119730346, 0.056821272403466176, 0.048358885762915006, 0.04241642780247892, 0.03833583571231333, 0.03561269590824397, 0.03388060512286574, 0.03288537339992447, 0.03245837462255249, 0.03249370370533398, 0.03293067173226572, 0.033741468531329775, 0.03492312726127248, 0.03649280545371829, 0.0384855384004072, 0.04095383624901867, 0.04396869463446485, 0.04762173095142876, 0.05202823152239772, 0.05733088854123678, 0.06370390647127855, 0.07135694055317295, 0.0805379647088962, 0.09153362000542645, 0.10466485857358081, 0.12027481623879085, 0.13870498104094345, 0.16025521611396246, 0.18512363225003312, 0.21332450519628673, 0.24458727626390614, 0.2782476660802664, 0.3131524916613464, 0.3476104318238949, 0.37942699151897774]
17.236434898203278	0.9088203971386503	[0.4327546224072869, 0.4556223503435017, 0.46639334539155786, 0.4630186034444888, 0.44492924567849257, 0.41329837121023966, 0.3709333860938644, 0.32179680751394346, 0.27028017652846786, 0.2204386926900377, 0.17539481752080144, 0.13704087390923195, 0.1060558415848623, 0.08215410645419158, 0.06443919115709291, 0.05174634006578691, 0.04290226936617227, 0.036880106737784565, 0.03286312396369801, 0.030246617863688367, 0.028607477789435183, 0.027663283345653076, 0.027233594640710165, 0.02720884306963159, 0.027527793186275313, 0.028162453274162766, 0.029108699680014966, 0.030381003316330094, 0.03201003016145749, 0.03404228889001435, 0.03654132420164054, 0.03959018367812579, 0.043295024936865566, 0.047789784411214224, 0.05324179344497507, 0.05985807769241234, 0.06789176844784461, 0.07764752791967211, 0.08948407722440066, 0.10381077243269414, 0.12107374173245286, 0.1417256024105344, 0.16617176792313637, 0.19468682629162995, 0.2272978622668058, 0.26363948329705683, 0.302798575556995, 0.34318426107827205, 0.3824753495908645, 0.4177048493621918, 0.44552781525822144, 0.4626774881570727, 0.4665491263253007, 0.45578144955370986, 0.4306653588380092, 0.3932292974367427, 0.3469377962068154, 0.2960664175189668, 0.24492791860986704, 0.19716873528886858, 0.1553128078645181, 0.1206264398933192, 0.09326557530421295, 0.07259335637348731, 0.05754045942713547, 0.04691194547905047, 0.03959466636963904, 0.034663468769812335, 0.03141004347048168, 0.029325342008430955, 0.028061772696294382, 0.02739233039409258, 0.027175352659447982, 0.027327750565782336, 0.02780639824410145, 0.02859611983024993, 0.02970254468780052, 0.03114839815451358, 0.03297220639670079, 0.03522876300684442, 0.037990982426409636, 0.041352948225022286, 0.04543406083207683, 0.050384200532104906, 0.05638973307996247, 0.06367996345278767, 0.07253323477436956, 0.0832812074475138, 0.09630887720250918, 0.11204658900703172, 0.13094879546514315, 0.15345296280373044, 0.17991160413386312, 0.21049214967926946, 0.24504482285522228, 0.2829492501032784, 0.32296623171637806, 0.3631391026641575, 0.40080249372866084]
18.14153157812206	0.8397461693566136	[0.4567922595974428, 0.4837799427252548, 0.49665973831491256, 0.4928254596070767, 0.47157194183140017, 0.4344475476152224, 0.385087653242437, 0.3285334101401954, 0.2702296990010638, 0.21501150117877318, 0.16637135606699796, 0.12616698262051346, 0.09475286712630149, 0.0713880065283498, 0.05472987106482493, 0.0432630870608795, 0.03558747204240245, 0.03056022741774452, 0.0273280817357334, 0.025296017797779465, 0.0240711156717583, 0.023405513337624678, 0.023149546793299548, 0.023217735773320154, 0.02356615102902869, 0.024178398939876722, 0.025057582949913143, 0.02622223581178677, 0.027704886344446573, 0.029552465752889397, 0.0318281376276712, 0.03461438726268188, 0.03801735446813396, 0.04217246574083878, 0.047251405815579475, 0.053470344557658575, 0.06109903699585931, 0.07046986076542425, 0.08198492240943547, 0.09611794674885916, 0.11340570669258798, 0.1344214210388732, 0.1597204002626497, 0.1897474940742043, 0.22469861366939256, 0.2643373915288812, 0.3077850435547813, 0.35332635336414936, 0.3983017420068379, 0.43917196232609557, 0.4718303785160187, 0.4921836506906728, 0.49692689022631525, 0.4843329377941871, 0.45480954833081366, 0.41100404135164154, 0.3573663530424366, 0.2992732242992644, 0.24197944600394963, 0.1897144844239486, 0.14516121011515432, 0.109387590623326, 0.08213970292076986, 0.062315394746870006, 0.048440088107129964, 0.03902963910395903, 0.03280275305967084, 0.02876239754376287, 0.026190630959248496, 0.02460095096069366, 0.023679597253353918, 0.02323285804081077, 0.02314664194259356, 0.023358467380023618, 0.023839495748928664, 0.024583800047537435, 0.025602517860502615, 0.02692123084478299, 0.028579522851571452, 0.03063213227185985, 0.033151420366729696, 0.0362310785938292, 0.03999110236592463, 0.04458409310040091, 0.05020288108870348, 0.057089264625783204, 0.06554324310244643, 0.07593139916709138, 0.08869191670364432, 0.1043320373521295, 0.1234115691698399, 0.1465037228268111, 0.17412290321660506, 0.20660978552251003, 0.24396941669498437, 0.285670816198511, 0.330437780807054, 0.3760876904921706, 0.4194989216108301]
19.04662825804084	0.7796032211254715	[0.47868380175220154, 0.5098698568423248, 0.5249305233058091, 0.5206490853779882, 0.49617741073306953, 0.45349264268628847, 0.3971538988561055, 0.3333747883180114, 0.268697521674469, 0.20870594036172135, 0.1571676366558037, 0.11578517745110255, 0.08448659697350205, 0.06202071633040206, 0.04659593972289639, 0.036380836405315364, 0.029799213446776805, 0.02564154412873247, 0.023055455520839433, 0.021478812823197708, 0.020560039696356912, 0.02008884752178999, 0.019944886845581794, 0.020063451512066562, 0.020414283143856408, 0.02098934645818191, 0.02179634140644154, 0.022855798316641848, 0.024200455794099563, 0.02587623592744645, 0.027944509939195904, 0.030485603595179718, 0.03360363243893404, 0.037432851820182377, 0.04214571027844797, 0.047962719140094194, 0.05516398200553244, 0.06410169781763574, 0.07521194848356169, 0.08902246528107063, 0.10615062262985285, 0.12728272592153686, 0.15312217943650783, 0.18429178898326726, 0.22117680891022398, 0.26370428366253873, 0.3110745586235154, 0.361493809776742, 0.41199606527217725, 0.4584729014893281, 0.49602253720208633, 0.519663055706027, 0.525324504400758, 0.5108805131040076, 0.4768792643765923, 0.426665846245221, 0.36577681808393886, 0.3007641038323302, 0.23783201320940156, 0.18172655928373016, 0.13517600362941712, 0.09893380228966916, 0.07225570234673914, 0.05354619898542331, 0.040943740257227586, 0.032720338229005004, 0.027478391193129243, 0.02419303928020885, 0.022166968437955303, 0.020952954379903653, 0.02027764908713837, 0.019981009921164215, 0.019973874087367144, 0.020210759275116414, 0.02067362583114607, 0.021362853769590344, 0.022292756810746387, 0.023489936394699464, 0.024993516867201734, 0.026856784838046047, 0.029150071215246737, 0.03196490215984775, 0.035419567232520856, 0.03966629856403876, 0.044900230689978095, 0.05137014365609, 0.059390615846041696, 0.06935446334992552, 0.08174306411399555, 0.09713013956261936, 0.11617173528251022, 0.13957169518578222, 0.16800878397889923, 0.20201070229781878, 0.24176487297474777, 0.2868700924472736, 0.33605998977831897, 0.3869668755112056, 0.4360320494012513]
19.95172493795962	0.7268849035321785	[0.49878434400832483, 0.5342409945705633, 0.5515498138739372, 0.5468311874994011, 0.5190881934766042, 0.47078107743991315, 0.40748692977010637, 0.3366787105244608, 0.2660273852816442, 0.2018211604760424, 0.14800062201708156, 0.10599760550844836, 0.07522816315508501, 0.05389772511007427, 0.0397812080800479, 0.030775735049386084, 0.02518048840501612, 0.021761976704552145, 0.019696770842762293, 0.018469771024922678, 0.01777502346734537, 0.0174385410056242, 0.017365722164656143, 0.01750869609982071, 0.01784745684557566, 0.018379683548457815, 0.01911575283450329, 0.020076824798178565, 0.021294844633806417, 0.02281390595073612, 0.02469279018541588, 0.02700872275122439, 0.029862536395836928, 0.033385530525489975, 0.0377483644655423, 0.04317228509234103, 0.04994279297712262, 0.05842535840010766, 0.06908180785650447, 0.08248423283750145, 0.09932044063429636, 0.12038092563984892, 0.1465124507927306, 0.1785189981870931, 0.21699020620499898, 0.2620455594750465, 0.31300560766184043, 0.36804286120728663, 0.42391947218973036, 0.475965709160813, 0.5184562180586082, 0.5454619564006047, 0.5520845369031504, 0.5357658266598883, 0.49721898357999916, 0.4405657943655399, 0.37252671560413453, 0.3008928441713986, 0.2328115661957593, 0.17346771443904346, 0.12552001051008674, 0.0893024132767123, 0.06351989466320057, 0.04607656110349771, 0.034756905996078745, 0.027639585513564668, 0.023259091532717893, 0.020598384405448113, 0.01900148888230664, 0.018069104285485547, 0.0175693077012877, 0.01737298656993326, 0.017411986998571875, 0.0176540852910828, 0.018089002204282185, 0.01872116061275909, 0.019566429758909903, 0.020651269219675857, 0.022013453251218985, 0.023704028912940094, 0.025790447969740882, 0.02836099574310578, 0.03153076178107631, 0.03544947369662945, 0.04031152723033196, 0.0463684420774808, 0.053943648706268124, 0.06344880094244625, 0.07539946605543008, 0.09042577711135753, 0.1092701919400548, 0.13275994407548578, 0.16173689087141246, 0.19692446146697393, 0.23871441321567766, 0.28687097069968726, 0.3401820498297712, 0.39613668528393686, 0.4507621435250418]
20.856821617878403	0.6803841576540909	[0.517353329478821, 0.5571458801435347, 0.5767651877373626, 0.5716173766856442, 0.5405517363828963, 0.48656658112861384, 0.41634940059141656, 0.33871240651387496, 0.26247488440659994, 0.19457327338873082, 0.13901487845341864, 0.09685256970339598, 0.06692160602345791, 0.04686983744847371, 0.034068205447097065, 0.026192072265473987, 0.021464323929145122, 0.018662557062473037, 0.01701171872175192, 0.016050867618235428, 0.015519396835109741, 0.015276063201356885, 0.015247744283914155, 0.015399657150030941, 0.01571920024426429, 0.01620778038107516, 0.016877133597670152, 0.01774819647798426, 0.018851551493990256, 0.020229035024381947, 0.021936424162726304, 0.024047323352134473, 0.02665851724278984, 0.029897172439811544, 0.033930355365562145, 0.03897735502234046, 0.04532517753451167, 0.053347169345436526, 0.06352378337302725, 0.07646267549369586, 0.09291217263005405, 0.11375734008021963, 0.13998151428719038, 0.17256958333540046, 0.2123259934753119, 0.25958687020211396, 0.3138303639997223, 0.37323909097485547, 0.43433973978127427, 0.49191335762703775, 0.5393872622234787, 0.5698300766791322, 0.577453164578956, 0.5592348707897814, 0.5160787549050775, 0.452962043361691, 0.37788219674998474, 0.29992370255258033, 0.22715795248409423, 0.16512211556296505, 0.11629186127479972, 0.0804893625533326, 0.05582726621767222, 0.03971949200153572, 0.02963927460231588, 0.023523087420294412, 0.019880029759880815, 0.017727956390850754, 0.0164649164194271, 0.015742358155105513, 0.015367447000906401, 0.015237859872669523, 0.015302354977350694, 0.015538656307400747, 0.015941846745999362, 0.01651876643740491, 0.017285779634747887, 0.018268512559664295, 0.019502907034693585, 0.021037363691020217, 0.02293600354104486, 0.02528324663269132, 0.028190035253769712, 0.031802131886540866, 0.03631098132754289, 0.0419675900809383, 0.049099633405043294, 0.058131361814614715, 0.06960454448651228, 0.08419625595230787, 0.10272535898281542, 0.12613388060978303, 0.15542272717612393, 0.19151562823969162, 0.23502576469869893, 0.2859139998016291, 0.3430644302774081, 0.40386497399360305, 0.4639551474466648]
21.761918297797184	0.6391272042723171	[0.534588543484618, 0.5787752427795267, 0.6007625035345955, 0.5951918629926984, 0.5607546184153946, 0.5010425993950495, 0.4239440715920305, 0.3396833776484226, 0.2582365651286523, 0.18712236629595322, 0.1303067704945842, 0.08836453149773353, 0.05949768815173951, 0.040798604952396615, 0.029273586883496763, 0.022427216948721122, 0.018449230091380768, 0.016155503367110084, 0.014831491221984848, 0.014072414664263429, 0.013659987965070342, 0.0134811904933426, 0.013480190897642838, 0.013632081394001221, 0.013929452723465309, 0.01437602199764461, 0.014984024276740159, 0.015773670615239193, 0.016773890381878008, 0.018024074364509365, 0.01957681954012312, 0.02150185696179553, 0.023891489940680497, 0.026868001349439397, 0.030593613390822012, 0.03528366377346186, 0.041223629062399236, 0.04879031837167682, 0.05847671633870516, 0.07091813875657833, 0.08691401063372253, 0.10743408252314775, 0.13359009338200867, 0.16654484524545415, 0.2073241203914816, 0.2565005186102008, 0.313743584246952, 0.3772883112833839, 0.4434636878222809, 0.5065173094632975, 0.5590097599094456, 0.5929553542237196, 0.6016149736164953, 0.581472483505538, 0.5336480610491983, 0.4640526988305611, 0.38204960767293905, 0.2980613943012342, 0.22105303847081542, 0.15682107115159322, 0.10754830888175114, 0.07246637547723288, 0.04907134921139409, 0.03431078342555433, 0.02539487154805934, 0.02016670342146238, 0.01714549591949075, 0.015403181009056265, 0.01439820737916071, 0.013831704752940481, 0.013545826567653655, 0.013460544754047463, 0.01353779915496111, 0.013762566876439394, 0.01413350873185055, 0.014658771259871181, 0.01535455395517139, 0.016245269080447697, 0.017364798654947344, 0.018758725565390644, 0.0204876376879314, 0.02263176165472676, 0.025297320062746674, 0.028625135462447576, 0.03280211336067203, 0.038076273496389534, 0.04477585393723047, 0.05333247916079512, 0.06430711744822916, 0.07841504655689725, 0.09654168629396653, 0.11973447542069812, 0.14914728032723001, 0.18590534334838058, 0.23085610035504545, 0.2841841036226652, 0.3449088235475135, 0.4103591226957249, 0.47581571756244123]
22.667014977715965	0.6023229567388354	[0.5506458494836585, 0.5992780572905682, 0.6236860614206015, 0.6176975520818235, 0.579842394128337, 0.5143617027755015, 0.4304326229425331, 0.3397575077306045, 0.2534672483696481, 0.17958885016775072, 0.12193929240256718, 0.0805263331134275, 0.05288193480967585, 0.03555858335273845, 0.02524358920596392, 0.019320286843778293, 0.015982142258243737, 0.014103179032596802, 0.013035653492996183, 0.012429468775103075, 0.012104190734472437, 0.011970351640011196, 0.011985683718590651, 0.012132566534235844, 0.012407140905323586, 0.012814461897981097, 0.013366725261567002, 0.01408314462675987, 0.014990877778000011, 0.01612682748434393, 0.01754038128184511, 0.019297317519275308, 0.021485249164340494, 0.024221127593784586, 0.027661488674205457, 0.03201626771895175, 0.03756706722467458, 0.04469057804282166, 0.05388714198609434, 0.06581271438928715, 0.08130902206921546, 0.1014206662754906, 0.1273787300043804, 0.16051883971826894, 0.2020913556777129, 0.2529212476034551, 0.3128997392946581, 0.3803547231295896, 0.451456116397682, 0.5199370349292151, 0.5774759605572722, 0.6149840648824594, 0.6247131107612435, 0.6026223419980233, 0.5500754657303296, 0.4739949431560837, 0.385193962457125, 0.29546882218213544, 0.2146375845028272, 0.1486587220965158, 0.09931792854463073, 0.06519130748543289, 0.043149548519406736, 0.029707933037302757, 0.021864049254514493, 0.017412064468851084, 0.014909605533108045, 0.013495073859006421, 0.012689016300754996, 0.012238794159018703, 0.012016749527699242, 0.011960882984199549, 0.012043168116039065, 0.012253754112025488, 0.012593605772065662, 0.01307144589148238, 0.01370292114536937, 0.014511046076357404, 0.015527570778968672, 0.01679523206378666, 0.018371038917259556, 0.0203308918692174, 0.022775981593107265, 0.025841568628996888, 0.029708903667872117, 0.03462116166066561, 0.04090422621874354, 0.04899275996803185, 0.05946085076686053, 0.07305403021664775, 0.09071480985101246, 0.11358628424712844, 0.1429677194446484, 0.1801843603321205, 0.22632701337304392, 0.281827084839663, 0.34587582599940114, 0.4157846149433603, 0.4865064746514841]
23.572111657634746	0.5693242675554522	[0.5656513492496328, 0.618773853471373, 0.6456509691620574, 0.6392483699882485, 0.5979317769654839, 0.526647533954233, 0.43594729875594473, 0.33907038325879507, 0.2482910264662601, 0.172064017190211, 0.11395173960340317, 0.07331706177140894, 0.046999432176685244, 0.031037896682482226, 0.02184978914283498, 0.01674338629140087, 0.013946172615798126, 0.012403754983469916, 0.011537059971904204, 0.011047010214450292, 0.010786000960491345, 0.010683755156365469, 0.010708441471786075, 0.010847726551555175, 0.011100121544505159, 0.011471372726440304, 0.011973315947420744, 0.012624040233250556, 0.013448916613669058, 0.014482403281254786, 0.01577073834317688, 0.01737577901622894, 0.019380391657186555, 0.02189596454479269, 0.025072810596509863, 0.029114432068532724, 0.03429677106569677, 0.04099352062877554, 0.04970802280391832, 0.061110696249928334, 0.07607746888320635, 0.09571822614967071, 0.12137383098816663, 0.15454605209929512, 0.19671031319926685, 0.2489563079124722, 0.31142384535471174, 0.3825722905579065, 0.4584515738865512, 0.5323020634454219, 0.5949085194209224, 0.6360331718582733, 0.6468616416499181, 0.6227992288239192, 0.5654806899703222, 0.4829168366758911, 0.3874504250177596, 0.29227823732057884, 0.20802205182312633, 0.14070224074456492, 0.09161002903356176, 0.05861463951657328, 0.03796594194287974, 0.025788325300558013, 0.018916895710153047, 0.015135905131503544, 0.013062826465473073, 0.011909378457079215, 0.01125664345508962, 0.010893496132665466, 0.010717632993883426, 0.010681324455537813, 0.010764047803425497, 0.01095957413596835, 0.011270290209461634, 0.011705032138897667, 0.012278682701025185, 0.013012795493201215, 0.013937008440702637, 0.015091269150016223, 0.01652905975694228, 0.018321951191391055, 0.02056597147654756, 0.023390454558511426, 0.02697024059365058, 0.03154228886958863, 0.03742784193283413, 0.04506103077848398, 0.05502383024534008, 0.06808487457914196, 0.08523482418106558, 0.10770259944725635, 0.13692428652196348, 0.17442143393000029, 0.22153410202296087, 0.27896010592591175, 0.3460960633445701, 0.42027662350938816, 0.49615992540493753]
24.477208337553527	0.539598110504714	[0.5797092513931569, 0.6373606517219239, 0.6667511000499047, 0.6599371920909648, 0.6151184851229509, 0.5380025236129835, 0.4405984737493672, 0.3377347361668732, 0.24280861662656628, 0.16461721805466908, 0.10636631197955987, 0.06670728630625802, 0.041777683100376675, 0.027137880188038904, 0.018985271069718788, 0.014594734167950412, 0.012251638570973352, 0.010981229563851867, 0.010271790760066481, 0.009870399621672998, 0.00965727291560668, 0.00957748821951306, 0.009607129138268533, 0.009737648352723496, 0.00996910031812916, 0.010307504568113196, 0.010764158411918618, 0.011355987551063706, 0.012106620708607758, 0.013048164050532541, 0.014223819183583014, 0.015691624382217006, 0.017529746458758648, 0.01984393357388196, 0.02277796695650817, 0.02652821187343525, 0.03136361379559264, 0.03765257755919243, 0.04589780671086977, 0.05677879546413548, 0.07119829259479954, 0.09032231612061765, 0.11559172787843562, 0.1486665780024643, 0.1912455400682512, 0.24469221605382593, 0.3094186734573641, 0.3840522415115089, 0.4645620462706536, 0.5437198035874625, 0.6114084045199608, 0.6561982788175982, 0.6681535006950544, 0.6420969262349951, 0.5799623974713036, 0.4909249587959634, 0.38893180810940836, 0.2885986363762687, 0.20129389397083633, 0.13299879623800728, 0.08442069306239663, 0.052683650375555696, 0.033432604829591504, 0.022447124905882167, 0.01644778882219152, 0.013242006079881198, 0.011522371283418613, 0.010576447240505257, 0.010042177550269937, 0.009744739119044107, 0.009602691146183713, 0.00957941750095574, 0.009659933280158907, 0.00984050686171854, 0.010124351243711397, 0.010520133682111053, 0.011041873550649948, 0.011709671704302321, 0.01255112604263611, 0.01360350115664, 0.01491686436928717, 0.01655853843090335, 0.0186193844043943, 0.021222633276967745, 0.0245362329781728, 0.02878994188645778, 0.034298593647587104, 0.04149287519008331, 0.05095818066848572, 0.06347987347872927, 0.08008842384702447, 0.10208889101118782, 0.13104493962213412, 0.16866898393523164, 0.21655342216393936, 0.27567869707519554, 0.3456775619849521, 0.42394761495579597, 0.5048862228480616]
25.38230501747231	0.51270252665596	[0.5929071801469837, 0.6551202906989999, 0.687064419054595, 0.6798411436398021, 0.6314824915132121, 0.5485130731889079, 0.4444797778050951, 0.33584555576896585, 0.23710250368357094, 0.1573009521756869, 0.0991927846607566, 0.060662620027436234, 0.0371482515516046, 0.023772233846292127, 0.01656124159756743, 0.01279323757328869, 0.010829412608006102, 0.009778381988156287, 0.009192327095236147, 0.008859113515112635, 0.008682116712180431, 0.008618529585087853, 0.008650374562930514, 0.008771788219262302, 0.008983799831532758, 0.009292439988497086, 0.009708378930574855, 0.010247392445346946, 0.01093144419308186, 0.011790407175492528, 0.012864589428480273, 0.014208356183888394, 0.01589529098325857, 0.01802553465317987, 0.02073619777406749, 0.024216058062855827, 0.028726090618325505, 0.03462761437067362, 0.042419681935996593, 0.05278619921094837, 0.06665007226414674, 0.08522480865520003, 0.11004148980800847, 0.142909745475025, 0.18574778477574763, 0.24019947843394493, 0.3069697567871756, 0.3848882309380092, 0.4698822030899836, 0.5542808357581009, 0.627060217283308, 0.6755589594675133, 0.6886658077334774, 0.660593494234082, 0.5936034120146804, 0.4981095581154769, 0.3897336841981008, 0.28452088748171794, 0.19452269828300475, 0.12558050264237816, 0.07773699530898415, 0.04734511568518253, 0.029470051959048654, 0.019595129671955307, 0.014370901097715551, 0.011655046272659477, 0.010225255140042624, 0.009444246253068831, 0.009001925612761455, 0.008754575394080609, 0.00863765190490373, 0.008623089295459675, 0.00869995014030508, 0.008866200328554771, 0.009125485459840028, 0.009486140579771964, 0.009961290447515087, 0.010569631951741976, 0.01133682329255407, 0.01229757917902034, 0.013498699692880424, 0.01500339563324249, 0.016897444159093635, 0.0192979340173197, 0.022365647631898147, 0.026322462034532892, 0.03147545980041287, 0.038249532269140706, 0.047229708411238455, 0.059212446171913895, 0.07526033091022881, 0.09674517099573379, 0.1253485877712662, 0.1629670633682267, 0.21144600700125413, 0.2720616411194384, 0.3447108466356745, 0.4268925604338464, 0.5127784386211277]
27.19249837730987	0.4882687041069806	[0.6053198827886468, 0.6721221301470113, 0.7066566752460967, 0.6990252720841154, 0.6470916653781958, 0.558253163072516, 0.447671692313379, 0.3334837267235131, 0.2312406628984853, 0.15015459127039468, 0.09243189173692082, 0.05514616816560373, 0.033047632109395715, 0.02086594069445746, 0.014504088293511191, 0.011274196339648098, 0.00962595637409669, 0.008751747243063058, 0.008262864177423198, 0.007982565143059811, 0.007833233363252055, 0.007781520086608743, 0.007813870238675207, 0.007926308255984251, 0.008120453829850074, 0.008402189956496584, 0.008781526979544213, 0.00927313355302444, 0.009897401963057089, 0.010682103272534969, 0.011664810229669895, 0.012896386602734932, 0.014445994129388176, 0.016408276196743645, 0.018913659533653662, 0.022143079659202012, 0.026348858744071682, 0.031883842711180374, 0.03924096347500371, 0.049104531419692767, 0.06241164004770433, 0.08041520750464586, 0.10472692045700509, 0.13729672091178574, 0.18025708413738384, 0.23553600625333718, 0.3041489906623499, 0.3851600220042231, 0.4744931029594409, 0.5640626206406469, 0.6419358981379513, 0.6941824561940239, 0.7084635517667142, 0.6783549287049047, 0.6064743416037287, 0.5045481498545341, 0.38993799467207785, 0.2801214097083866, 0.18776393337540265, 0.11846803365376536, 0.07154000251534323, 0.04254703683636077, 0.026007150912773593, 0.017156717670137014, 0.012616500379881622, 0.010315886363754306, 0.009123235588529469, 0.008473464482421972, 0.008102970719022017, 0.007894265274189578, 0.007796322214353873, 0.0077875950290627926, 0.007860084583498664, 0.00801289428986104, 0.008249847715302358, 0.008578860628658196, 0.009012172403874806, 0.009567146332237554, 0.01026761470493596, 0.0111458884815548, 0.01224566759193362, 0.013626221228967941, 0.015368385056718795, 0.01758316534221965, 0.020424063589310433, 0.024104635350953814, 0.028923218216781326, 0.03529703281848214, 0.04380756330051952, 0.05525741732254424, 0.07073425694644085, 0.09166765393256653, 0.11984740553645643, 0.15734622328123438, 0.20626113733638202, 0.26817449686676, 0.3432725908842377, 0.4291926335049113, 0.519916271214566]
29.002691737147433	0.4455957603782129	[0.6285440839014201, 0.7044261444040611, 0.7439911236358787, 0.735252480730397, 0.6758021254333512, 0.5750126797404617, 0.45153326055030385, 0.32693504057102707, 0.21871757453364657, 0.1360867714653405, 0.07986778382707913, 0.045400525572965936, 0.02612686792172058, 0.016141480116504788, 0.011238149491585725, 0.008877756609359752, 0.007713034093250176, 0.007098791453632868, 0.006749231163917401, 0.0065440607047603915, 0.006433756182996294, 0.006398041534698467, 0.006429109062191143, 0.00652524819045963, 0.006688598110649627, 0.006924534711436528, 0.007241790023706962, 0.00765302451684855, 0.008175821187578706, 0.00883419319405413, 0.009660792533344962, 0.01070011942300948, 0.012013187813558325, 0.013684327564697453, 0.015831126618000322, 0.01861896368726338, 0.02228216056089781, 0.027154434335423264, 0.03371182956010874, 0.04263107889941364, 0.05486413609501804, 0.07172316411492963, 0.09495606216201026, 0.12676685198701715, 0.16969712692388428, 0.2262441130414244, 0.29807912324549224, 0.3848061905243882, 0.48243075517387196, 0.582096817522411, 0.670034688943342, 0.729669111314317, 0.7460814900480255, 0.7115513610903209, 0.6295648082038746, 0.5147410851982195, 0.38811551188917415, 0.2699883080218131, 0.17398064219429102, 0.10488267010694849, 0.06031801263430455, 0.03426801351000324, 0.020279091983749782, 0.013247553149346652, 0.009845918892852537, 0.008197876753811237, 0.007360498669425021, 0.006900859093706788, 0.006632692769470463, 0.0064787320878938875, 0.006407250936524651, 0.006405439420570495, 0.006468989221815596, 0.0065982605528043395, 0.006797030718890764, 0.00707230779077469, 0.007434691113156615, 0.007899149329987408, 0.008486253805549914, 0.009224007064172701, 0.010150505939273828, 0.011317809968003965, 0.012797572628805121, 0.014689263315354688, 0.017132190172706365, 0.02032304848453327, 0.024541348683849995, 0.030185697964486304, 0.03782414887463079, 0.04826082188547576, 0.06261703896782664, 0.08241537247547646, 0.10963544268291095, 0.1466780263629224, 0.1961323433552825, 0.2602094972228182, 0.3397283772571746, 0.43268667427245067, 0.5327664346530826]
30.812885096984996	0.4096287424487671	[0.6492878467502868, 0.7343166159263087, 0.7790259004436527, 0.7691795462587183, 0.702110248251009, 0.5893902744843316, 0.4534271335802355, 0.3192998764242205, 0.20623357266718112, 0.12305246112303703, 0.06891821054287213, 0.03738699229857245, 0.02073239355623273, 0.012609513756411169, 0.008847348078451358, 0.007118802103278326, 0.006284069859657629, 0.005839712072429007, 0.005579583496812867, 0.005422753877898931, 0.005337551501514041, 0.005311362599733336, 0.005339504103072776, 0.005421349617850673, 0.005559090660305168, 0.005757492617195083, 0.0060241152227244014, 0.006369863561281123, 0.006809888922123622, 0.0073649433905184835, 0.008063372297107773, 0.008944034798877235, 0.010060598954774111, 0.011487892178793759, 0.013331337968660305, 0.015741019539853355, 0.01893261877567901, 0.02321837662626516, 0.02905215443963022, 0.03709313242634748, 0.04829140386486469, 0.06399313495997094, 0.0860486406673194, 0.11687781989763817, 0.15939995533097429, 0.21667610397553408, 0.2910765522902128, 0.3828486678370097, 0.48822261739481176, 0.5976925790342993, 0.6956680764814488, 0.7628057470632892, 0.781418531650211, 0.7423991934372827, 0.6502289214223843, 0.5226984148071606, 0.3847151734389944, 0.25932380737452065, 0.16077241653511512, 0.09268186898052085, 0.05082150850435155, 0.02764609476812826, 0.015915484509761272, 0.010364409145342342, 0.007820451883466722, 0.006631117885359396, 0.006030299630447103, 0.005693404657686752, 0.0054908991236558985, 0.005372250543435979, 0.005317494086392072, 0.005318754689669396, 0.005373637148771294, 0.005482996559863593, 0.005650306934081259, 0.005881681851679833, 0.006186264543178737, 0.006576945537132714, 0.007071472706147678, 0.0076940960208742235, 0.00847797949309979, 0.009468740777982178, 0.010729670156176454, 0.012349467682905959, 0.014453761485301694, 0.017222275615529033, 0.020914325430461383, 0.025906268939951155, 0.03274533671047537, 0.042224077084665766, 0.05547664964071268, 0.07408891884811575, 0.10019343165864929, 0.1364822913730438, 0.1860156686693108, 0.2516497214947631, 0.3349092130196746, 0.43428080775928135, 0.543289007330659]
32.623078456822554	0.37894749474427325	[0.6678851810599169, 0.7620959689043882, 0.8120426999323895, 0.8010869175697856, 0.7263176007298559, 0.6017243432892002, 0.45371761634293595, 0.3109137829121504, 0.19401000028142337, 0.11108928122117832, 0.059428400913492885, 0.030814986927646226, 0.016523529028189557, 0.009950831059183124, 0.007070014044107978, 0.005797510895718088, 0.005188610930518406, 0.004857288399533387, 0.0046567486483511476, 0.004532750585709938, 0.004464773960176088, 0.004444684862061113, 0.004469521357283603, 0.004539169323137738, 0.004655688256281668, 0.004823248178239809, 0.005048378442555721, 0.005340473923388175, 0.0057126001048092, 0.0061827012493315524, 0.006775386310530118, 0.007524567954072501, 0.00847738360375593, 0.009700064853894817, 0.011286787228625724, 0.013373085763375064, 0.016156231247024273, 0.019926071537035583, 0.025111180092128472, 0.0323463109758366, 0.04256694208535917, 0.057132357288045964, 0.07796505870994387, 0.10766339756530463, 0.14948847441765126, 0.2070485407764867, 0.283439278621707, 0.37963797098028573, 0.4922343990604797, 0.6111990279719558, 0.7191537490566894, 0.7938823680123039, 0.8147530077213212, 0.7711867095934933, 0.6687857983498932, 0.5287754195334164, 0.38009645395672853, 0.24841735409193857, 0.14827432290744819, 0.08180357238385369, 0.04281779607303882, 0.022354980014101914, 0.01257949650294915, 0.008214622371368892, 0.006310237761882142, 0.005442494805102418, 0.005000714641119991, 0.004745270984722035, 0.004586899831006938, 0.004492436755915099, 0.004449010196244054, 0.0044515490937335036, 0.0044986635374913, 0.0045913604231502736, 0.004732739950287271, 0.004928104784452303, 0.005185336818306732, 0.0055155435715186435, 0.005934047864051422, 0.006461857677116394, 0.007127836149729156, 0.007971915569502384, 0.009049890088011889, 0.010440616913135792, 0.012256906976753253, 0.01466205925823714, 0.017894950894855693, 0.022307841630170393, 0.028422384792171594, 0.03701003106877923, 0.049201213509597955, 0.06661954221590029, 0.09151606289522236, 0.12683592608656977, 0.17608124200865932, 0.24275511620864218, 0.3291437880363797, 0.4343378109921688, 0.5518444911620796]
34.43327181666012	0.35249716844203627	[0.6846056171339872, 0.7880062328478906, 0.8432651780670637, 0.8311976735812004, 0.7486668361136849, 0.6122894181399582, 0.45269689316147965, 0.30203335776272305, 0.18219368812945147, 0.1001846335885409, 0.0512357422085121, 0.02543283658651301, 0.013233072955027545, 0.007933602025547389, 0.005727651702896738, 0.004783473899590497, 0.004330341997267454, 0.004076046301844901, 0.003916861823734907, 0.0038163230360501042, 0.003760832282672791, 0.0037449048193071363, 0.0037665552169630742, 0.003825906317365229, 0.003924823963280786, 0.0040669383306510066, 0.004257888973297136, 0.00450578000895945, 0.004821894751702033, 0.0052217689202873245, 0.005726785042047667, 0.006366545764993861, 0.007182432503981435, 0.008232991104924496, 0.009602158001050895, 0.011411921174535503, 0.013841894844200524, 0.017159570579127398, 0.02176670663715372, 0.028269152476078155, 0.03757831441169273, 0.0510496838381217, 0.07065154769538545, 0.09912530372275025, 0.14003587688987787, 0.1975137966557597, 0.2753923489204713, 0.37544944700962096, 0.494759562700866, 0.622898234260927, 0.740747168392741, 0.823129974072161, 0.8463057663654517, 0.7981443984025035, 0.6854936560045729, 0.5332596481506998, 0.3745425791268658, 0.2374795703717098, 0.13655637034914864, 0.07215507505897693, 0.03609028641991627, 0.018126890085756353, 0.010017374052867149, 0.006592590054374407, 0.005162330637992231, 0.004520488337669911, 0.004187274356912575, 0.003987680437352247, 0.003860397110398004, 0.003783400615338151, 0.0037481051878111133, 0.0037510675988604867, 0.0037914414187091776, 0.0038702356859807076, 0.003990180418630293, 0.004155867295345286, 0.004374096756386441, 0.004654453734534232, 0.005010185746564917, 0.005459511388835028, 0.006027564261108438, 0.006749295954440868, 0.00767384868860471, 0.008871204153939542, 0.010442380831011129, 0.012535171970742871, 0.01536849067813649, 0.0192698889885043, 0.02473265301025178, 0.03250046003467997, 0.043687148125222605, 0.05993257954891351, 0.08357505437337866, 0.11777474718791843, 0.1664416601215973, 0.23371623829661592, 0.3226859491354798, 0.4331462736950202, 0.5587236445260026]
36.24346517649768	0.32948005637443706	[0.699671110965509, 0.8122453856327864, 0.8728750024936051, 0.8596934927679031, 0.7693578053625083, 0.6213128289913111, 0.4506030067624138, 0.29285632447400717, 0.17087859776699685, 0.09029555750963182, 0.044182065899991615, 0.021027391337256226, 0.010653320301257216, 0.006389698559849281, 0.004697728430379811, 0.003990127223842472, 0.0036457415077080575, 0.003445415598889811, 0.0033161087673524024, 0.003233075171541609, 0.0031870290739572866, 0.0031740907527135665, 0.0031928535543766126, 0.0032435443157828913, 0.003327825180004977, 0.0034488514177334023, 0.003611499797294309, 0.0038227738137720235, 0.004092435949362157, 0.004433958910623477, 0.004865945588369871, 0.005414256704800794, 0.006115227343361456, 0.007020582904469057, 0.008205035539982803, 0.009778136554989447, 0.011902896386025794, 0.014825104453403312, 0.01891929157917308, 0.024759744423167574, 0.033227028978740754, 0.04565943834115186, 0.06404842609401956, 0.09124577449118326, 0.1310818059580739, 0.18817855772414677, 0.26710725768404475, 0.37050240169247417, 0.49603756881659394, 0.6330225126827772, 0.7606581566097821, 0.8507367273293982, 0.8762561579596296, 0.8234609601831286, 0.7005661260186149, 0.5363881221640584, 0.3682794961926469, 0.2266633329514964, 0.12564487603364788, 0.06362987176387773, 0.030444882666746574, 0.014745167057684081, 0.008038898300741674, 0.0053535525986769875, 0.0042738144441112945, 0.0037915635406498005, 0.003533937963554975, 0.003374004462520651, 0.003269576877602306, 0.0032057470235900424, 0.003176552642558524, 0.003179529624051011, 0.003214137479416527, 0.003281325659137822, 0.0033834844796920113, 0.003524591092585362, 0.003710522408173356, 0.003949565166235174, 0.004253193120321935, 0.004637229285956541, 0.005123582549015748, 0.005742860327643438, 0.00653833945658823, 0.007572069050855166, 0.008934349107120586, 0.010758577000713771, 0.013244614426419006, 0.016695537422642615, 0.021574916835965446, 0.028594222469609326, 0.03884095404019098, 0.053953486973785394, 0.07632961669978551, 0.10930797637549569, 0.15716949851574172, 0.22467338007981927, 0.3157340805338638, 0.4309393230674794, 0.5641652358333196]
38.05365853633524	0.3092830871184444	[0.7132674699800837, 0.8349782858337722, 0.9010225104726496, 0.8867252124155024, 0.788558215068245, 0.6289858379070029, 0.44763213953333425, 0.28353552831495316, 0.1601208129177511, 0.08136167917778535, 0.03812005580698801, 0.01742076381482792, 0.008623710543695927, 0.005197101671088294, 0.0038954218240367616, 0.0033589056885841174, 0.0030916247147984685, 0.002930250600057456, 0.002823331164515443, 0.00275381909284524, 0.002715147531508744, 0.002704444223550316, 0.0027206643099799465, 0.00276407386676611, 0.002836141910572469, 0.0029396115011580902, 0.0030787072418858694, 0.0032594943553951846, 0.0034904372715587216, 0.003783241879688487, 0.004154118384111739, 0.0046256848851728245, 0.0052298665041431045, 0.006012365682347045, 0.007039642892116696, 0.008409943901934204, 0.010270876827140557, 0.012847564897083951, 0.01648767022864359, 0.021732620570102924, 0.029427527043942442, 0.04088309488713064, 0.05809489611710576, 0.0839955478752581, 0.1226431103753157, 0.17911646978871346, 0.25871538338054795, 0.3649733639817751, 0.4962664314371152, 0.6417661850172214, 0.7790620451510744, 0.8768587229638992, 0.9047526230649808, 0.8472938840257014, 0.7141830847460457, 0.5383589468983934, 0.3614889876620444, 0.21607849206504032, 0.11553695702276563, 0.05611788928705359, 0.025711740487182177, 0.012036145816127176, 0.00650181838533731, 0.0043951582329525745, 0.0035745067572040623, 0.003206005585901803, 0.0030022249677852325, 0.002871441056740376, 0.0027844363317080854, 0.002730861709243842, 0.002706398888025105, 0.002709200562363076, 0.0027389069376053095, 0.002796385763401169, 0.002883725582472557, 0.0030043755769100875, 0.0031634248010512936, 0.0033680530097746197, 0.0036282177884867993, 0.003957685701530433, 0.004375581106076664, 0.004908731901339888, 0.005595263770994047, 0.006490177795814801, 0.007674112620338125, 0.0092672539891786, 0.011451573885495855, 0.01450645764613604, 0.018865452300343383, 0.02520512293893728, 0.0345794804818814, 0.04861104251803199, 0.06973286363250372, 0.10142769423471361, 0.14830914408423584, 0.21572974846447443, 0.3084445518733333, 0.42790757002281826, 0.5683681906907002]
39.863851896172804	0.29142818290160294	[0.7255523686500124, 0.8563442653236059, 0.9278340558228099, 0.9124200780223735, 0.8064109582864971, 0.6354713957050647, 0.4439473672742935, 0.27418906436173746, 0.1499492017436949, 0.0733137199309642, 0.03291618578327904, 0.014465973558496504, 0.007020526561927674, 0.004267041048876342, 0.003261416624419116, 0.0028493636223039134, 0.0026377496744120093, 0.002505326052822654, 0.002415710059686814, 0.002356921578975923, 0.0023241435454621233, 0.002315164142601523, 0.0023291777630320603, 0.002366457974225953, 0.0024282985277016573, 0.0025170867933365744, 0.0026364900101087233, 0.002791772841902301, 0.002990290701447785, 0.0032422352972598534, 0.0035617570621789317, 0.0039686662620588955, 0.004491041166627711, 0.00516928221194066, 0.006062503692938892, 0.0072587451619750476, 0.008891465528181857, 0.011166376182800442, 0.014405146490688733, 0.019116051547638332, 0.026105835715374167, 0.03664977736398516, 0.05273178404980054, 0.07733899767867995, 0.11472115169485773, 0.1703770057391968, 0.250317567773824, 0.35900558701519253, 0.49561166733357914, 0.6492938780989829, 0.7961074547675594, 0.9016274391507753, 0.9319199725285403, 0.8697767089411556, 0.7264981379384622, 0.5393394888821066, 0.35431811384720874, 0.20580248842186166, 0.10621054750999334, 0.04951158789377839, 0.021744586495910583, 0.009861480680790072, 0.005299808377509578, 0.003644611996140895, 0.0030158176775163083, 0.0027293293605126986, 0.002564858214212261, 0.0024561838886196976, 0.0023828504841662316, 0.0023374595093968503, 0.0023167565484631847, 0.0023193035531218703, 0.0023448529137029927, 0.002394186243628553, 0.0024691279910909556, 0.0025726747076077745, 0.00270924302696195, 0.0028850678102512566, 0.003108809514998602, 0.00339246864721882, 0.0037527658698436983, 0.004213244939774983, 0.004807518697602673, 0.005584350678264344, 0.006615721478017746, 0.008009791489580923, 0.009931926542784783, 0.012638954393661982, 0.016534823215910398, 0.022259822576109384, 0.030829443253853162, 0.04383892810701317, 0.06373575117378052, 0.09411511439135303, 0.13988497962243374, 0.20696079819960914, 0.3009413416065381, 0.4242083685463109, 0.5715002087381126]
41.674045256010366	0.2755376015188586	[0.7366611403136554, 0.8764625759461232, 0.9534172540799685, 0.9368869008495327, 0.8230393325992086, 0.6409097282441196, 0.43968510185835724, 0.2649078076859021, 0.1403731373317797, 0.06607907237651618, 0.02845162052581723, 0.012042414041673373, 0.005748585386176736, 0.003534688925476888, 0.002753750280061523, 0.002432965289997409, 0.002262341464172813, 0.002152032369804137, 0.0020761310461329453, 0.0020260168604018733, 0.001998030252707086, 0.001990413140420027, 0.002002526724044694, 0.002034636581289714, 0.0020878806788898205, 0.0021643401686635244, 0.0022672055834288608, 0.0024010575284229554, 0.0025723024984636534, 0.002789832991121512, 0.0030660250493619134, 0.0034182575940414216, 0.003871256156318362, 0.0044607628701948164, 0.005239373347440147, 0.006285958774902813, 0.007721072043974092, 0.00973237331146104, 0.012616746872473035, 0.016849744542520532, 0.023198159884866097, 0.032896131693072844, 0.04790304203124968, 0.07123745388815184, 0.10730684930890824, 0.16199181070525748, 0.2419911051559794, 0.3527160273343851, 0.49421284842116947, 0.6557465470231839, 0.811921894763395, 0.9251550674202325, 0.9578645749116129, 0.891024186345543, 0.7376439701015656, 0.5394723276638537, 0.34688622003918634, 0.1958881896821719, 0.09763139847577075, 0.0437094452500809, 0.01841883483665637, 0.008111401275402157, 0.004353318564808826, 0.0030497604089210527, 0.0025635471807295696, 0.0023369989113737884, 0.0022019457324941117, 0.0021105041792729195, 0.002048140805510225, 0.0020093983421071897, 0.001991737871880731, 0.0019940072461839915, 0.0020160318243387346, 0.00205851034075331, 0.002123037748516643, 0.002212222644847601, 0.0023299070502973873, 0.002481518057318399, 0.002674604874615971, 0.0029196498813694807, 0.003231298040219068, 0.0036302405821869964, 0.0041461421493184875, 0.004822260183226282, 0.005722847758106771, 0.006945184595923061, 0.008639351589510213, 0.011040953984678989, 0.01452526911763141, 0.019695937664083778, 0.02752660828758436, 0.03957637976549111, 0.0582894802751285, 0.08734479899860531, 0.1319071507302445, 0.19842098734098976, 0.2933230924216075, 0.41997261323960045, 0.5737040473114631]
43.48423861584793	0.2613093015232368	[0.746711076894003, 0.8954363888393209, 0.9778647996962864, 0.9602197993869971, 0.8385508508022913, 0.6454224930987705, 0.4349599888019125, 0.2557611477038678, 0.13138815667372364, 0.05958540006951389, 0.02462194363883863, 0.010051589278215301, 0.004734673804594204, 0.002952467273236304, 0.002342354356129252, 0.0020891411298833503, 0.0019493221792004332, 0.0018563212594237034, 0.001791507420610204, 0.001748514497760838, 0.0017244740929159073, 0.0017179543636086426, 0.0017284381853308022, 0.0017561758699929922, 0.0018021683568907505, 0.001868233287500865, 0.001957152911066101, 0.0020729222664881875, 0.0022211344815141632, 0.0024095656168555473, 0.0026490615212628977, 0.0029548947094290663, 0.0033488692282973094, 0.0038626389239441567, 0.004543027581296943, 0.005460699315558338, 0.006724496506374134, 0.008505419132017909, 0.011076971461464146, 0.014882919675835576, 0.020649543587393314, 0.02956588065631246, 0.04355649786814239, 0.06565134635804265, 0.10038420441722413, 0.15397931844483911, 0.23379494539271886, 0.3462005938989484, 0.49218852874074814, 0.6612459701264742, 0.8266158967551821, 0.9475384073500007, 0.9826781219994296, 0.9111360320290076, 0.7477362825217105, 0.538879736343617, 0.33929028839839187, 0.18636978219719758, 0.08975798608172282, 0.03861776625324111, 0.015629201688770144, 0.006699018369473166, 0.00360270631512199, 0.0025729189428824505, 0.0021932018174678674, 0.0020111295060655297, 0.0018986206523740057, 0.0018209174328354552, 0.0017675075114591808, 0.0017342392990992719, 0.0017190753054673188, 0.0017210725337012541, 0.0017401057259720395, 0.0017767971083618315, 0.0018325428349303342, 0.0019096187238231627, 0.002011374939206682, 0.002142546771155134, 0.0023097298426358226, 0.002522099823326258, 0.0027925077614092382, 0.0031391668348616135, 0.003588289647938652, 0.00417828102117802, 0.004966516394187057, 0.0060404730568874, 0.007536251333597885, 0.009669668707050943, 0.012788590638137937, 0.017460372180071123, 0.02461485979903022, 0.03576830603564286, 0.053346929613133746, 0.08108751106123678, 0.12437568861646377, 0.19014875770458645, 0.2856683981160731, 0.41530985704033946, 0.5751022316791347]
45.29443197568549	0.24849914124721362	[0.7558046771598176, 0.9133558114112054, 1.0012573487371923, 0.9825010172895425, 0.8530401010142945, 0.6491159274403314, 0.42986868590692134, 0.2468014145206216, 0.12298014332853335, 0.05376290544878959, 0.021336254380276712, 0.008413317686704771, 0.0039224333725366755, 0.0024852503810889235, 0.002005386954269077, 0.0018027515194097396, 0.0016865545839840359, 0.0016073838491288978, 0.0015516722369456803, 0.0015145918099368119, 0.0014938344094505259, 0.001488212432186849, 0.0014973007628153337, 0.0015213314091909477, 0.0015611854272782936, 0.0016184535748054534, 0.001695567816193413, 0.0017960209372054636, 0.0019247075390200839, 0.00208844267779033, 0.002296750835286206, 0.0025630780704229117, 0.0029066820771090373, 0.0033556303996806675, 0.003951643336550096, 0.004758056718777373, 0.005873128417788134, 0.0074525696140466365, 0.009748010671716224, 0.013172714167751794, 0.018412655959175454, 0.026609235966170455, 0.03964414969323989, 0.06054157631934308, 0.09393278428968305, 0.1463481570287918, 0.2257736272949276, 0.33953815609275434, 0.4896400018844718, 0.6658981541894289, 0.840286133180463, 0.9688618065995049, 1.0064404704623917, 0.9301997451856078, 0.756876755822861, 0.5376671074169531, 0.3316090848813258, 0.1772672531081872, 0.08254495568925435, 0.03415143995864585, 0.013287216198746133, 0.005555636816053809, 0.003003117199240608, 0.0021865976232665106, 0.0018869259670651743, 0.0017383902518620137, 0.0016435379642185616, 0.0015769882909074725, 0.0015309812248664543, 0.0015022670507151006, 0.001489174078959501, 0.0014909182600639215, 0.0015074088305989967, 0.001539198875938833, 0.001587512534588519, 0.0016543397935220561, 0.0017426089917714348, 0.001856461756261265, 0.0020016739182778603, 0.002186294690675433, 0.0024216230185299865, 0.00272371810883402, 0.003115774619471047, 0.0036319245466458535, 0.00432343376904823, 0.005268976289719682, 0.006591925302696197, 0.008489774295892412, 0.011284439369726973, 0.015507884960750461, 0.022045266689981143, 0.03236511102059389, 0.04886347203024295, 0.07531215121480157, 0.11728349369572491, 0.18217026181504004, 0.2780398268864555, 0.41031222099540465, 0.5758006358007259]
