I_value	Tstar	ystar
4.361217055041336	1.5705579823890743	[0.17038400281323826, 0.17061553728766854, 0.17065158496717, 0.17049040259962767, 0.17013423899677194, 0.169589328099002, 0.16886575755238997, 0.16797721664004253, 0.16694063420524086, 0.16577572299715576, 0.16450445181447546, 0.16315046979333103, 0.16173850876530108, 0.160293788955228, 0.1588414513109741, 0.15740603605348008, 0.15601102262962066, 0.1546784410493972, 0.15342855955033968, 0.15227964859177448, 0.1512478171269168, 0.15034691368696781, 0.1495884826269232, 0.14898176445087394, 0.14853372889475572, 0.14824912974756357, 0.14813057162587095, 0.14817858034713047, 0.14839167060368624, 0.1487664065635479, 0.14929745333571223, 0.14997761917718863, 0.15079789049321826, 0.15174746332658973, 0.15281377681678482, 0.15398255521401624, 0.15523786622196314, 0.15656220377803653, 0.1579366036769429, 0.1593407997742159, 0.1607534276328375, 0.16215228055414055, 0.16351462075624243, 0.1648175452675176, 0.16603840279259388, 0.16715525374792012, 0.16814736189232452, 0.16899570198575223, 0.16968346483873298, 0.17019653850426208, 0.17052394334553653, 0.17065819872659174, 0.17059560108020708, 0.1703363962976131, 0.16988483442002394, 0.1692491003739226, 0.16844112133654462, 0.1674762579229688, 0.16637289294894878, 0.16515193675429782, 0.1638362722547008, 0.16245016500257342, 0.16101866416261537, 0.1595670187974433, 0.1581201311365486, 0.15670206422714042, 0.15533561667079576, 0.15404197180608184, 0.15284042383024643, 0.1517481786543077, 0.1507802236943875, 0.14994925783641186, 0.14926567116095932, 0.14873756304320385, 0.1483707874354228, 0.14816901479183084, 0.14813380157958764, 0.14826465995739668, 0.14855912232945423, 0.14901279749982518, 0.14961941739753154, 0.150370875303612, 0.15125725852936425, 0.1522668801157346, 0.1533863156754645, 0.15460045256018362, 0.15589255938328375, 0.15724438419502323, 0.15863628947176375, 0.16004743128649185, 0.16145598865043434, 0.16283944696039226, 0.16417493678195724, 0.1654396259494264, 0.16661115922289602, 0.16766813583198775, 0.16859061126740008, 0.16936060615994286, 0.1699626021437068]
4.36665633797354	1.5676295746687776	[0.17613024390538912, 0.17650563692741517, 0.1765766186485712, 0.17633926904120084, 0.17579653996557235, 0.17495828883393102, 0.1738410522770157, 0.17246756690564766, 0.17086606119530962, 0.16906935754627703, 0.16711383533390103, 0.16503831301472927, 0.16288290964528868, 0.16068794339718706, 0.15849291753027556, 0.1563356337093806, 0.1542514599825583, 0.15227276741175702, 0.15042853671830417, 0.14874412524429967, 0.14724117592047667, 0.14593764393954814, 0.1448479136570653, 0.14398297744692265, 0.1433506495871882, 0.1429557910420666, 0.1428005249184537, 0.1428844267451324, 0.14320467838909282, 0.14375617890252204, 0.14453160994673653, 0.14552145735246644, 0.146713994066603, 0.14809523296694482, 0.14964886106361067, 0.15135616917304837, 0.1531959934722083, 0.15514468703190415, 0.1571761405959664, 0.15926187206396608, 0.1613712033169276, 0.1634715407756305, 0.1655287723482086, 0.16750778796345864, 0.1693731238320045, 0.17108972205404285, 0.17262378770128384, 0.17394371565036007, 0.1750210501286617, 0.17583143212449215, 0.17635548453643235, 0.17657958311123056, 0.17649646348713835, 0.17610562131598279, 0.17541347323906586, 0.17443326074619192, 0.17318469541934448, 0.1716933612534597, 0.16998990591590743, 0.16810906638594567, 0.1660885840076848, 0.1639680688222605, 0.1617878727341619, 0.15958802604926212, 0.15740728288124883, 0.1552823092245284, 0.15324703431932157, 0.15133217286812706, 0.14956491364176977, 0.14796876018183205, 0.1465635019096414, 0.14536528946142424, 0.14438678604849906, 0.14363736705901836, 0.14312334217231396, 0.1428481777508181, 0.14281270138906849, 0.14301527513470164, 0.14345192842068277, 0.14411644625063297, 0.1450004122496425, 0.1460932100589501, 0.14738198995273502, 0.1488516107436384, 0.15048456979859143, 0.1522609364896976, 0.15415830637803782, 0.15615179493391532, 0.15821409025045718, 0.16031558398183843, 0.1624245981737124, 0.16450772274376502, 0.16653027371836635, 0.16845687612329566, 0.17025216753428662, 0.1718816092807232, 0.1733123824666657, 0.17451433633344088, 0.17546094773718496]
4.374815262371846	1.5647099872971968	[0.1804444865695108, 0.1809395017030411, 0.18104441063376886, 0.18075301403296953, 0.18006854183886542, 0.1790037464706942, 0.17758059550555796, 0.17582957336921454, 0.17378863059987812, 0.1715018451508478, 0.1690178799788219, 0.16638833296958322, 0.16366607781833875, 0.16090368827766746, 0.15815202417929308, 0.155459038261433, 0.15286884032263484, 0.15042103254433153, 0.1481503089123136, 0.14608629463019762, 0.14425358886080536, 0.1426719667875126, 0.14135669410210375, 0.14031890834315128, 0.13956602555811368, 0.13910213703861848, 0.13892836789579996, 0.13904317680334366, 0.13944258321451455, 0.14012031504164257, 0.14106787542777685, 0.1422745325017093, 0.14372724035227197, 0.1454105037056595, 0.14730620240380002, 0.14939339553429845, 0.15164812825708282, 0.1540432675936491, 0.1565483957430762, 0.15912979122697155, 0.16175052815106225, 0.16437072234034236, 0.1669479488015719, 0.16943784825819005, 0.171794930424866, 0.17397356913111625, 0.17592916910628584, 0.17761946794240138, 0.17900592008850555, 0.1800550952226269, 0.18074001215326996, 0.18104132411820384, 0.1809482726819553, 0.18045933690554006, 0.17958252121927343, 0.1783352490506515, 0.17674385694123365, 0.17484271349640063, 0.1726730151818678, 0.17028133431492087, 0.16771801041626572, 0.16503548349582584, 0.1622866657619505, 0.1595234380867347, 0.15679534039921247, 0.1541485040707929, 0.15162485127797226, 0.14926156444609084, 0.1470908095601801, 0.1451396824219356, 0.1434303368140808, 0.14198024865751224, 0.140802569405365, 0.13990652489654273, 0.13929782101593977, 0.13897902442451457, 0.13894989383580214, 0.13920764479213127, 0.13974713760155422, 0.14056098440756426, 0.14163957666615432, 0.14297103922265292, 0.14454112133107044, 0.14633303899460323, 0.14832728656993932, 0.15050143916651942, 0.15282997049836397, 0.15528411374280573, 0.1578317949345272, 0.1604376694388119, 0.16306329125267974, 0.16566744210683249, 0.16820664179702408, 0.17063585285994878, 0.17290938128649544, 0.17498196100628874, 0.1768099938776494, 0.17835290028453013, 0.1795745195816271]
4.387053648969306	1.5603470698035968	[0.18570858528237852, 0.18636279300018396, 0.18651781390668162, 0.18616386962156234, 0.18530420967962127, 0.18395531910386026, 0.1821465028733707, 0.17991885927926904, 0.17732370451202542, 0.174420555776496, 0.1712748140154111, 0.16795530638999345, 0.16453185088554165, 0.16107299179134388, 0.15764402776228453, 0.15430541833269928, 0.15111161489149702, 0.1481103233781631, 0.1453421721773304, 0.1428407328082262, 0.1406328241220415, 0.13873902291494403, 0.13717430382724716, 0.13594873749282477, 0.13506818593039552, 0.13453494633348706, 0.13434830695624625, 0.13450499067995286, 0.13499947225217332, 0.13582416397315203, 0.13696947170558146, 0.1384237289060882, 0.1401730212270793, 0.14220091865192236, 0.14448813640471211, 0.14701215038218668, 0.14974679761293003, 0.1526618972541697, 0.15572293248269883, 0.15889083782945498, 0.1621219391995807, 0.16536809409340308, 0.16857707631395005, 0.17169324176854653, 0.17465849908948702, 0.1774135904815574, 0.17989966486475698, 0.18206009831213668, 0.18384248817415286, 0.18520072014429853, 0.18609698542335817, 0.18650361170546229, 0.18640457009251274, 0.1857965321992337, 0.18468937798060722, 0.18310609345693837, 0.18108204492167487, 0.1786636671098541, 0.1759066512144305, 0.1728737585948053, 0.16963241283069927, 0.16625223346355417, 0.1628026688748343, 0.1593508649263632, 0.1559598739791032, 0.1526872703803032, 0.1495841986657376, 0.14669484398817526, 0.14405628423800276, 0.1416986618317268, 0.13964560092648726, 0.1379147920490632, 0.13651866944874896, 0.1354651147548407, 0.13475813188949437, 0.13439845066684378, 0.1343840288889273, 0.13471043390373774, 0.13537109424873314, 0.13635741986666758, 0.1376587958516027, 0.13926245990753017, 0.1411532783380189, 0.14331343963143844, 0.14572208913008675, 0.1483549328444432, 0.15118384343883745, 0.15417650633698432, 0.15729614855972662, 0.160501396403664, 0.16374630973713913, 0.166980639286928, 0.17015034800126705, 0.17319842730710955, 0.17606602352661102, 0.17869386873273144, 0.18102398495476305, 0.18300160242462876, 0.18457720431411337]
4.4054112288654945	1.5538395103756095	[0.19217400618283162, 0.19304354612789404, 0.19327315996021133, 0.19284739291428804, 0.19176898811988943, 0.19005931046412228, 0.18775778722342149, 0.18492037854083712, 0.181617179853334, 0.17792933747522696, 0.17394551734770475, 0.16975819772170836, 0.16546005642197228, 0.16114069396339686, 0.15688388134737905, 0.15276545467922847, 0.14885190782485158, 0.1451996683757972, 0.14185498824301263, 0.13885434246495043, 0.13622520932017526, 0.13398710028169158, 0.13215271640166978, 0.13072912453517327, 0.12971886813571312, 0.12912094993586978, 0.12893164481396488, 0.12914511923928523, 0.12975384789669495, 0.1307488288025197, 0.13211960563892944, 0.13385411138050876, 0.13593835112389246, 0.13835594571385196, 0.14108756164791372, 0.1441102579032839, 0.14739678660755062, 0.15091489238809472, 0.15462666387366975, 0.1584879999385536, 0.16244826104755172, 0.16645018140800666, 0.17043011796365173, 0.17431870612990455, 0.1780419770363116, 0.18152296635017237, 0.18468380965388506, 0.18744827594870897, 0.18974464161253593, 0.1915087578418819, 0.19268712094600401, 0.19323972476921408, 0.19314246378996133, 0.19238886968925184, 0.19099100418752857, 0.18897939529845162, 0.18640198556395202, 0.18332215046440314, 0.17981593048157543, 0.17596869065828644, 0.17187146671656386, 0.167617272437063, 0.16329762748878585, 0.1589995232652384, 0.1548029832402816, 0.15077930456911082, 0.14698999792577536, 0.14348638216437137, 0.14030974397009913, 0.13749194384091595, 0.13505633727101438, 0.1330188824813433, 0.1313893187469728, 0.13017231917649577, 0.12936854388563668, 0.12897554179990434, 0.1289884687533875, 0.12940060597781824, 0.1302036752517237, 0.1313879561878809, 0.13294221716658988, 0.1348534761248744, 0.1371066108323473, 0.1396838422059924, 0.1425641184597218, 0.14572243379993702, 0.14912912228118372, 0.15274917599560806, 0.1565416455687346, 0.16045918976395604, 0.16444784758810085, 0.1684471095840879, 0.17239036215914447, 0.17620576855308312, 0.17981763005667933, 0.1831482412988477, 0.1861202137210148, 0.18865919467675207, 0.19069685943830442]
4.432947598709778	1.544160252981166	[0.2001528035395417, 0.20131797625217845, 0.20165929214858855, 0.20115220051463745, 0.1997979277922326, 0.1976243089279375, 0.19468503955547814, 0.19105735836979412, 0.18683832970818984, 0.1821400387058086, 0.1770841155402711, 0.1717960553132452, 0.1663997917110767, 0.16101291979570245, 0.1557428600947409, 0.1506841309215259, 0.14591676867485442, 0.14150582407191223, 0.13750177769822142, 0.13394166685165526, 0.13085069637284288, 0.12824411453175827, 0.12612916244575292, 0.12450694444740702, 0.1233741085453763, 0.1227242660579355, 0.12254911254474195, 0.12283923814218096, 0.12358463258963417, 0.12477490139475145, 0.12639921449147007, 0.12844601126324706, 0.1309024856969606, 0.13375387657754415, 0.13698258911595243, 0.14056717972153096, 0.14448124295376907, 0.14869225191310406, 0.1531604174105279, 0.1578376490813492, 0.16266671844272787, 0.1675807401879482, 0.17250309711727496, 0.1773479352981476, 0.1820213417472652, 0.18642328714879206, 0.19045036524379122, 0.19399929296935647, 0.196971051402026, 0.19927545908976382, 0.2008358838629929, 0.2015937347807829, 0.2015123420226571, 0.20057984484524882, 0.19881076701321207, 0.19624606757750326, 0.19295159664730746, 0.18901504719800016, 0.18454164709514193, 0.17964896240220476, 0.1744612601102288, 0.16910390059143646, 0.16369819193379107, 0.15835705458516613, 0.15318172664389945, 0.14825961289297762, 0.14366325792119175, 0.13945032577315003, 0.13566439889663268, 0.13233637560071979, 0.1294862392494303, 0.12712499275603886, 0.1252565847687043, 0.12387969650621998, 0.1229892982610852, 0.1225779227699065, 0.12263663091398408, 0.12315566806217539, 0.12412482203786543, 0.1255335028083739, 0.12737056617284362, 0.1296239059869154, 0.13227983852528985, 0.13532230498544068, 0.13873192019849817, 0.14248490307851244, 0.14655193292964827, 0.1508969901244208, 0.1554762546435149, 0.16023715469364397, 0.16511767346851483, 0.170046036367301, 0.1749409056147291, 0.1797122041909282, 0.1842626683206576, 0.18849018850218785, 0.19229093863966304, 0.19556321717872763, 0.19821183581565657]
4.474252153476204	1.529823535737196	[0.21003396439525363, 0.21161058320183637, 0.21211987540796187, 0.21152256122097254, 0.20981647765722033, 0.20703817951275996, 0.2032619509549002, 0.19859622055553314, 0.19317766861221064, 0.18716357933365244, 0.18072317818351635, 0.17402877664643224, 0.16724751389135623, 0.16053434988411108, 0.1540267578974909, 0.1478413260806643, 0.14207224823647593, 0.13679149564322696, 0.13205033431577534, 0.12788179086948726, 0.12430366855317106, 0.12132175839346405, 0.11893296101191246, 0.11712811549384085, 0.11589440929614528, 0.11521730871024906, 0.11508199866629797, 0.11547435307933013, 0.11638147449577402, 0.11779184774329499, 0.11969515037763023, 0.12208175648614802, 0.12494196299388334, 0.1282649615790206, 0.13203757674194144, 0.1362427931193397, 0.14085810403586485, 0.14585372931153612, 0.15119077361770497, 0.15681942641482277, 0.16267733864833467, 0.16868834626672166, 0.17476174076839412, 0.18079230518573502, 0.1866613317821665, 0.19223880690664866, 0.19738688229744186, 0.2019646481123826, 0.20583408481314255, 0.2088669105352409, 0.21095187775044508, 0.21200193449592858, 0.21196058020577369, 0.2108067397815718, 0.2085575672017824, 0.205268771123957, 0.20103231040529032, 0.19597160137610248, 0.19023466456696475, 0.18398586912210343, 0.17739707047510483, 0.17063896120746674, 0.16387336829219332, 0.15724705455968802, 0.1508873545118056, 0.14489973601577996, 0.13936716714200392, 0.1343510080118813, 0.1298930533136156, 0.12601832119900103, 0.12273820726271986, 0.12005368159178635, 0.11795828450310294, 0.11644075723981741, 0.11548721622958275, 0.1150828372182153, 0.11521305627811443, 0.1158643193650217, 0.1170244233513884, 0.1186824930585752, 0.12082863427489028, 0.12345329560925825, 0.12654636497071872, 0.13009602197559716, 0.13408736735115578, 0.13850085604551438, 0.14331057311080628, 0.14848241115434513, 0.15397223478590433, 0.15972414982455777, 0.16566903007055142, 0.17172348780491914, 0.17778949930369517, 0.18375490581196047, 0.18949499488541147, 0.1948753191841489, 0.19975582465594194, 0.20399623806051143, 0.20746251242255526]
4.5362089856258425	1.5087200327100525	[0.2223021127288822, 0.22445838531069018, 0.22522078856692698, 0.22452594260354572, 0.2223649098274287, 0.21878625732928797, 0.21389477352314687, 0.20784578166766685, 0.20083555583258092, 0.19308884596364723, 0.18484486624721072, 0.17634323244510813, 0.16781123550042198, 0.1594535431944233, 0.15144500025544164, 0.14392673733049627, 0.13700538367863807, 0.1307548673884332, 0.12522010913560655, 0.12042186907255867, 0.11636206588234385, 0.11302901555891844, 0.11040219603488977, 0.10845630104763813, 0.10716448025006803, 0.10650076266127946, 0.10644172428784315, 0.1069674932977421, 0.10806219348360108, 0.10971391800642559, 0.11191430645181379, 0.11465777626243798, 0.11794043762468281, 0.12175870365440768, 0.12610759618137504, 0.1309787453065836, 0.13635808839657385, 0.14222329479408416, 0.1485409756936359, 0.1552637866487912, 0.16232758960469648, 0.16964891025947787, 0.17712299507649942, 0.18462283099139476, 0.19199952174468976, 0.1990844024001114, 0.20569319804208325, 0.21163238459359132, 0.21670768497666945, 0.2207343499190034, 0.22354855965850903, 0.2250189941602536, 0.22505741252555328, 0.22362701881705482, 0.22074750867081308, 0.21649600078409723, 0.21100352363689356, 0.20444728322629702, 0.19703948135839688, 0.18901388953690515, 0.18061162688689364, 0.17206760690144102, 0.16359891283690717, 0.15539599383464855, 0.1476171208718139, 0.14038609577411434, 0.1337928363966003, 0.12789621627832107, 0.12272842573174997, 0.11830013319792632, 0.11460582344913466, 0.11162883850106924, 0.10934580721559582, 0.10773029820059149, 0.10675564701011181, 0.10639699151899266, 0.10663259556035105, 0.10744456103908646, 0.1088190259321571, 0.1107459320435676, 0.11321842416168337, 0.11623192092306885, 0.11978287663270475, 0.12386723970189722, 0.12847860521468568, 0.13360606264208705, 0.1392317525346563, 0.14532817382948648, 0.15185532302840654, 0.15875780154927344, 0.16596209144416915, 0.17337427057142893, 0.18087850269979097, 0.18833668591413327, 0.19558965332875433, 0.20246027899350105, 0.20875873016947366, 0.21428992088243706, 0.21886296358466442]
4.6291442338503	1.4779411667105893	[0.2375583505263452, 0.24053975547548445, 0.24168324721188303, 0.24088561936297115, 0.2381251730757254, 0.2334675748917883, 0.22706422661333628, 0.2191429611446947, 0.2099919821866703, 0.19993894878425417, 0.18932776274786517, 0.17849581817840973, 0.16775419685752122, 0.15737263197388043, 0.14757018435238103, 0.13851167698763156, 0.13030918513563036, 0.12302738830177336, 0.11669138758962094, 0.11129564280190317, 0.10681291173331883, 0.10320239125828795, 0.10041658703522464, 0.09840672176169234, 0.09712670191020786, 0.09653579477372619, 0.09660023006717108, 0.09729395075418691, 0.09859871349055137, 0.10050369655342525, 0.10300472335612271, 0.10610316123374725, 0.1098045120584505, 0.11411667693436588, 0.11904785283944552, 0.12460400734723666, 0.1307858802277245, 0.13758548191411402, 0.14498210157965766, 0.15293790621236525, 0.1613933075796189, 0.17026239511158003, 0.17942887047675493, 0.1887430580346836, 0.19802067710840865, 0.20704411247995314, 0.2155668678377359, 0.223321697658655, 0.2300325651593258, 0.2354300776462599, 0.23926945494081764, 0.24134948543472817, 0.24153044300863696, 0.23974871108229756, 0.23602599214397343, 0.23047151237259458, 0.2232765085725248, 0.21470136430542056, 0.20505683365567903, 0.1946816334020623, 0.18391912318295156, 0.17309575149833234, 0.1625034595630223, 0.15238744119150377, 0.14293974436376858, 0.13429835884315852, 0.1265508057079975, 0.11974089859907856, 0.11387727799373966, 0.10894247035778838, 0.10490150738919757, 0.10170947138107742, 0.09931764295617136, 0.09767817605682719, 0.09674739550151364, 0.09648790787680803, 0.09686975057107489, 0.09787079475057948, 0.09947658286139657, 0.10167973396486883, 0.1044790002853842, 0.10787801221530248, 0.1118837099671119, 0.1165044305626069, 0.12174760045630834, 0.12761697924816115, 0.13410941135083046, 0.14121107401516728, 0.14889326539753808, 0.15710785843311081, 0.16578265514180868, 0.17481700698309474, 0.18407820761579705, 0.19339929345750748, 0.20257897339227604, 0.21138441339705275, 0.21955748523673316, 0.22682482082401778, 0.23291158825447292]
4.768547106186987	1.433657365682656	[0.25654282904021336, 0.2607083152260079, 0.2624230305009306, 0.26151735359456363, 0.2579464926963466, 0.25180172900933007, 0.24330836883712967, 0.2328099112831282, 0.220740184283678, 0.20758719280688162, 0.19385368972013597, 0.18001974137265142, 0.1665118037172915, 0.15368130371903943, 0.14179385301597724, 0.13102845606486785, 0.1214847597549595, 0.11319569887789725, 0.10614280928329727, 0.10027186383854812, 0.0955071279929026, 0.09176323543972419, 0.08895430353515804, 0.0870003665968674, 0.08583148401998886, 0.08539000331436877, 0.08563146616944312, 0.08652458393354297, 0.08805061297645893, 0.09020235710017305, 0.09298292716719096, 0.09640430524757025, 0.10048569224524748, 0.10525156445403831, 0.1107293237720217, 0.11694639986643263, 0.12392665222640387, 0.13168593251350375, 0.14022671045597399, 0.14953175110830608, 0.15955696684139364, 0.1702237611934203, 0.18141143006795762, 0.1929504714758345, 0.2046179377858618, 0.21613618123710368, 0.22717640866428207, 0.23736828316077346, 0.24631631252029346, 0.2536229224398647, 0.25891698572649335, 0.2618853322780697, 0.26230365869446637, 0.26006259976467805, 0.2551847881527137, 0.24782964984770894, 0.23828438550422343, 0.22694176670233454, 0.2142675594517892, 0.20076206593950657, 0.18692105900920164, 0.17320112006027566, 0.15999320758495406, 0.14760653132952203, 0.13626293865860922, 0.12610044608878063, 0.11718353581223634, 0.109517460641282, 0.10306397517569643, 0.09775644986489006, 0.09351301969035533, 0.09024709432146177, 0.08787510124561926, 0.08632170090650212, 0.08552290965596977, 0.0854276259465708, 0.08599802340573844, 0.08720919140296603, 0.08904830191191832, 0.09151347975441122, 0.09461246323354704, 0.09836106627695947, 0.10278139273735995, 0.10789970614282816, 0.11374382472734842, 0.12033989233944622, 0.12770837629458892, 0.1358591693602217, 0.14478573573370487, 0.15445834947587728, 0.16481663847865793, 0.1757618689239034, 0.18714967603628463, 0.1987842372730585, 0.21041514369193035, 0.2217383774121861, 0.23240275814443323, 0.2420228904764501, 0.2501989726449364]
4.977651414692017	1.371196840816371	[0.2801594687873961, 0.28603349809771905, 0.2885968017662433, 0.2875681154021138, 0.2828623018986488, 0.27461203481034496, 0.2631650658963212, 0.24905590385782372, 0.2329554781031736, 0.21560654102206908, 0.19775501452066577, 0.18008764061608304, 0.1631841905513886, 0.14748889830551987, 0.13330173819231877, 0.12078674538423644, 0.10999241152033121, 0.10087851753352513, 0.09334430754352156, 0.08725423542019964, 0.08245906461301157, 0.07881152402122145, 0.07617674549721976, 0.07443832831948795, 0.07350110068918686, 0.07329163824757674, 0.07375741918827797, 0.07486528368266876, 0.07659963230931599, 0.0789606202759496, 0.08196244357621812, 0.08563171164159657, 0.09000580490829681, 0.09513105964462032, 0.10106055596060139, 0.10785124794731799, 0.11556012746029926, 0.124239105544605, 0.13392830219550564, 0.1446475195579935, 0.15638582287557554, 0.16908943559445835, 0.18264854914466355, 0.19688418942889305, 0.21153688783889182, 0.22625951196504349, 0.2406170184007074, 0.2540959194266987, 0.2661256520407744, 0.276112686792074, 0.2834861012185069, 0.2877507642281993, 0.28854173922063187, 0.2856717574772975, 0.2791633208582623, 0.26925861086352165, 0.25640381246457283, 0.24120904909646274, 0.22438974278047316, 0.2066986461568971, 0.18885913132196805, 0.17150928845034935, 0.15516342015124437, 0.1401935572869138, 0.1268297787005496, 0.11517526506478797, 0.10523060862617173, 0.09692188148785488, 0.09012797105973419, 0.08470418399423792, 0.0805006504136141, 0.0773752931236174, 0.07520195221101084, 0.07387465938999042, 0.07330915542238596, 0.07344262890742595, 0.07423245604119043, 0.07565448637712216, 0.07770121891066041, 0.08038003647857075, 0.08371154327402384, 0.08772794558809592, 0.09247134797612594, 0.0979917692701963, 0.10434463849566768, 0.11158748051285423, 0.11977547971608636, 0.12895559967827175, 0.13915898676377092, 0.15039149093504575, 0.162622357608796, 0.17577147280840558, 0.18969602290004475, 0.20417800371431294, 0.21891464616860135, 0.23351434767211932, 0.24750095513635673, 0.26032897365696694, 0.2714113184192824]
5.186755723197048	1.2855900962814741	[0.3095056535667579, 0.3178529272614286, 0.3216594223139727, 0.3204548542749495, 0.3140863495160567, 0.30276043246619805, 0.28703833837115866, 0.2677820677924733, 0.24605915064075204, 0.22302310099042857, 0.19979126140116493, 0.17734083126945535, 0.15643795011814868, 0.1376059644327484, 0.12113027059678104, 0.10709074688044651, 0.09540991045267418, 0.08590539329075415, 0.07833804568515888, 0.07245057728972033, 0.06799498995762195, 0.0647494876458144, 0.0625268978743751, 0.061177071582566, 0.060585552866244584, 0.0606703336970114, 0.06137795973750867, 0.0626797639354785, 0.06456862826054677, 0.06705641296054252, 0.07017202458275038, 0.07395998803430792, 0.07847931610661311, 0.0838024095015498, 0.09001365668081616, 0.09720732761248728, 0.10548426939690914, 0.11494682450761118, 0.12569132744484904, 0.13779753154835064, 0.15131443215690205, 0.16624225683934826, 0.18251096438997766, 0.19995648508457217, 0.21829713815637636, 0.23711405638209282, 0.2558407516213341, 0.2737677142895606, 0.2900675873801169, 0.3038444674785104, 0.31420703426849933, 0.32035983444324, 0.3217012147142206, 0.31791180002322467, 0.30901590397527257, 0.29540113368135457, 0.2777887385497622, 0.2571573871020347, 0.2346332336871082, 0.2113662779368478, 0.1884149743705097, 0.16665744250106385, 0.14673995432148448, 0.12906428923548935, 0.1138077607834617, 0.10096503392811718, 0.09039973447083112, 0.08189560530707182, 0.07520028972165371, 0.07005840902290685, 0.06623353946381207, 0.06352057834442378, 0.06175084700261956, 0.060792364943014314, 0.06054736988890911, 0.06094862261620269, 0.061955506047849766, 0.06355049159787683, 0.06573622967347927, 0.06853330954011268, 0.07197860128790157, 0.07612400618670895, 0.08103537869586493, 0.08679132204276516, 0.09348149103944127, 0.1012039538084286, 0.11006107616450295, 0.12015331176126869, 0.1315702413562806, 0.14437825077291858, 0.15860443772371594, 0.17421676577401632, 0.19110121136764374, 0.20903770302461527, 0.2276779755929085, 0.24652985691165497, 0.26495360286788067, 0.2821761725937074, 0.2973282196389931]
5.500412185954593	1.2085682699969373	[0.3343374783611409, 0.3451612147704993, 0.3502539303922964, 0.34892961470001366, 0.34095701675945017, 0.3266277730926418, 0.3067486695676204, 0.2825535812036696, 0.2555497792954409, 0.22732922948729267, 0.19938282628812318, 0.1729520067411134, 0.1489397012763938, 0.12788603529984321, 0.10999923833944446, 0.09522293831440606, 0.08331869001308269, 0.07394592931308261, 0.06672788189695403, 0.06129861830627523, 0.0573316309029885, 0.05455334840943328, 0.05274608209910055, 0.05174464482037877, 0.051429961498287005, 0.05172191759331367, 0.05257275320948513, 0.05396162519791247, 0.05589051614141373, 0.0583814216531282, 0.06147462121439507, 0.06522778326151371, 0.06971562091020884, 0.07502977877357572, 0.08127856663203618, 0.08858605877623855, 0.09708993766960286, 0.1069372920860925, 0.11827739923858333, 0.13125038386784268, 0.14597062958398566, 0.16250404745841648, 0.18083892820102257, 0.20085127731044336, 0.2222673382961062, 0.2446283799887614, 0.2672653963165124, 0.2892934269417362, 0.3096356931368927, 0.32708551038811595, 0.3404082047065692, 0.34847624117999965, 0.35042014554562384, 0.34576868980493775, 0.33454796999936953, 0.3173133045808756, 0.29510069579391, 0.2693029717865871, 0.24149405617666472, 0.2132369584866607, 0.1859130104360244, 0.16060141111342077, 0.1380229088830996, 0.11854504194169731, 0.10223389675538165, 0.08893155884270151, 0.07833922043550555, 0.07009111005248493, 0.06381120402649153, 0.0591507539707886, 0.05580879885436349, 0.05353982613452794, 0.05215307362849463, 0.05150729701247129, 0.05150378271488005, 0.05207935447585346, 0.0532003069205358, 0.05485763763683815, 0.05706361424510221, 0.05984953195239739, 0.06326443524937049, 0.06737453534553718, 0.07226302494363954, 0.07802994137774087, 0.08479165139674434, 0.09267941002051813, 0.10183629196852206, 0.11241161307945483, 0.12455179479808176, 0.1383865327040207, 0.1540092209968663, 0.17145098785543264, 0.19064857927210366, 0.21140781221605098, 0.23336643320952555, 0.25596275357460313, 0.278418865336925, 0.2997486581876601, 0.31880012147428194]
5.814068648712138	1.106808606896189	[0.3665417807505763, 0.38100213300485253, 0.3879600456437861, 0.3863697691158575, 0.3758786091902268, 0.3569431956468756, 0.33081170620845973, 0.2993647108202777, 0.2648455632600266, 0.22954157349838902, 0.1954880056855268, 0.164254811814677, 0.13684705822814294, 0.11371644937082133, 0.09485530592434441, 0.0799326259891528, 0.06843433276596315, 0.0597813893864697, 0.053413604494823276, 0.048838661071806455, 0.045652930434097856, 0.04354313319012571, 0.04227729898102554, 0.04169139050883108, 0.04167561959622004, 0.04216255668408569, 0.043117824172455875, 0.04453341293679164, 0.04642331149275157, 0.04882103015845871, 0.05177861351591952, 0.055366784144206836, 0.05967589930502929, 0.06481740325657055, 0.07092540143796618, 0.07815785599546499, 0.08669669208700395, 0.09674580773442207, 0.10852560734716886, 0.12226227779654941, 0.13816969787227684, 0.1564218039516723, 0.1771137063870708, 0.20021121989257817, 0.2254910784254526, 0.2524780989875457, 0.2803906129725974, 0.3081105110909775, 0.33419726291132656, 0.35696368011022533, 0.374622685553404, 0.3854983596764807, 0.38827366576471584, 0.38222773370730834, 0.36740576470649056, 0.34467150082643716, 0.31561726697478865, 0.28234347845835933, 0.24715554688028898, 0.21224770910496135, 0.17944244740661836, 0.15003234716517772, 0.12473831447096465, 0.10376700680028517, 0.08693103364953887, 0.073791259309092, 0.06378837917593908, 0.05634457289877545, 0.050929423574833745, 0.04709376985903374, 0.04447979618392873, 0.042816399495275166, 0.04190733615751721, 0.04161732266224406, 0.04185908231552219, 0.0425827061875545, 0.043767682457613956, 0.045417418724192145, 0.0475558718879228, 0.05022586434405979, 0.05348870369880958, 0.05742477151372713, 0.06213476953799806, 0.0677412857344021, 0.07439025283559586, 0.08225170455001339, 0.09151898144287322, 0.10240520031345257, 0.11513540564037264, 0.12993243908975943, 0.14699433639943627, 0.16646122140905506, 0.18837054096254072, 0.21260143578597762, 0.23881234741632365, 0.2663805670343261, 0.29435766591763257, 0.3214590674143903, 0.34610706777371447]
6.127725111469683	1.0189528062014501	[0.39439873772910666, 0.41255110657276034, 0.4214442459058573, 0.41962299434723205, 0.4065998918525145, 0.3830317167947247, 0.3506852160718448, 0.31218186636587925, 0.2705777224737459, 0.22888424793319623, 0.18964864291076355, 0.15468371296277786, 0.12498248410463877, 0.10079604941201797, 0.08181562936831727, 0.06739011265436576, 0.05672370577071911, 0.049022726572041236, 0.04358418694395094, 0.039834684242070005, 0.03733489899135684, 0.035764923484868, 0.03490205569585376, 0.03459830852905683, 0.03476123154342714, 0.035339212776394596, 0.03631110964346142, 0.0376795153552748, 0.039466869196202535, 0.0417137242328932, 0.04447864964342321, 0.04783939254755056, 0.051895022074353765, 0.05676881032650885, 0.06261155792723783, 0.06960492901107088, 0.07796409896388994, 0.08793861362623483, 0.09980979757434301, 0.11388235327263968, 0.13046705836501632, 0.14985091795375752, 0.17225116400857282, 0.19775071247794615, 0.22621580367360758, 0.25720213887150506, 0.289863848278472, 0.3228888007541995, 0.35449106434858724, 0.38249211388831245, 0.4045117723109872, 0.4182654333773924, 0.42192904947741466, 0.41449816784614996, 0.3960475510978659, 0.36780760737439266, 0.33201670289550067, 0.2915726538115412, 0.24956802285516985, 0.20882679467650409, 0.17155129968630037, 0.13914385039769167, 0.11220862885507052, 0.09069027558555676, 0.0740818627354538, 0.06163798845512479, 0.0525492639396901, 0.0460597073663293, 0.041528794510015336, 0.03845112422860434, 0.03644960793158333, 0.035255855747788306, 0.03468717717182196, 0.034625477932683474, 0.03500028074251754, 0.0357762583618649, 0.036944782201498216, 0.0385187056594334, 0.04052962895957135, 0.043027039352380884, 0.04607888260419928, 0.04977324688572381, 0.05422090690808214, 0.05955847011989463, 0.06595177467088013, 0.07359898950693647, 0.08273253694506366, 0.09361847515195505, 0.10655134352945668, 0.12184173993033776, 0.1397932184985952, 0.16066477621463698, 0.18461573798417044, 0.2116319273937498, 0.24143631446276978, 0.27339420325901304, 0.30643188360840384, 0.33899640188012514, 0.3690887929752145]
6.441381574227228	0.9426020821416514	[0.4191308762292027, 0.4410401717962587, 0.451938467519009, 0.44991294741883375, 0.43432920356903426, 0.4060804538641046, 0.36752879910679165, 0.3221261634958912, 0.2738071767489445, 0.226320915645405, 0.18267936223225664, 0.14484532701347222, 0.1136909958893256, 0.08917301732313315, 0.07062319424458414, 0.05705303177520125, 0.04740167348958787, 0.04069782596916557, 0.03613936326950384, 0.03311200043322662, 0.03117219051277879, 0.030014843119822564, 0.02943913756077294, 0.029319118692413472, 0.02958126727437087, 0.030188799387871237, 0.0311314741645792, 0.032419543351883975, 0.034080694582044976, 0.03615915719507972, 0.03871642723672213, 0.041833285013818645, 0.04561291327260113, 0.05018497838589622, 0.05571050154875507, 0.06238720393856646, 0.07045472102905592, 0.08019860109515378, 0.09195128039132945, 0.10608724410221321, 0.12300839427965264, 0.14311447845038677, 0.16675277168348357, 0.19414189570728901, 0.22526786539013835, 0.25975738910349544, 0.2967446779447899, 0.3347623784745615, 0.3717007012465509, 0.40488417909577684, 0.43130407958952954, 0.44801054098886023, 0.4526150486518134, 0.4437967905753978, 0.42167175353442155, 0.38789592919753163, 0.34544125864647196, 0.2980851264042482, 0.24974942383113719, 0.2038705341230572, 0.16295754849315403, 0.12841756196550996, 0.10063329734551635, 0.07920965671772194, 0.06328259911177603, 0.05180160001290679, 0.04373586160698512, 0.03819313334957384, 0.03446567315135773, 0.03202805090945239, 0.030510327238520683, 0.029663614012709026, 0.02932777687669446, 0.029405439157972224, 0.02984303454917823, 0.030618035438146146, 0.03173099319332163, 0.03320110865177078, 0.03506434105055172, 0.037373376011706726, 0.040199027249320826, 0.04363282317556946, 0.04779062367653927, 0.052817124057314604, 0.05889101678155398, 0.06623037177941325, 0.07509741741662125, 0.08580130881965771, 0.09869661574789325, 0.11417416206944182, 0.132639628451296, 0.1544743346031994, 0.17997250304390539, 0.20925109667752462, 0.2421332604924301, 0.27801548949006066, 0.3157417402389475, 0.35352232546891915, 0.38894590220626035]
6.755038036984773	0.875833419406469	[0.44145113559835647, 0.46718360848696106, 0.4801546941545457, 0.47794668985485206, 0.4597669051311365, 0.42678227640585503, 0.3820266490578583, 0.3298674997520019, 0.27517394488877767, 0.2224325525492806, 0.1750611043268294, 0.13507574894204266, 0.10312677052004389, 0.07880054847609252, 0.06103400463357417, 0.0485049175183792, 0.03991791403019519, 0.034166093857799895, 0.030389044181621576, 0.0279640605789118, 0.026465240918592252, 0.02561466581800188, 0.025238716441571066, 0.025234350623238675, 0.025545483202932578, 0.026147652598902768, 0.02703877729897583, 0.02823413411867687, 0.029764214309062204, 0.0316745955973839, 0.03402733718803245, 0.03690365577390084, 0.04040779501720023, 0.04467206931331662, 0.049863045171098484, 0.0561886934080707, 0.06390605709852172, 0.07332845816654456, 0.08483042397782356, 0.09884727334246055, 0.11586465680046697, 0.13639147357387268, 0.1609080177960878, 0.18978099233405585, 0.22313983961578768, 0.26071669689859023, 0.3016667139807793, 0.34440584939010255, 0.38652478866052037, 0.42485013725998294, 0.4557137731922113, 0.47544718876338943, 0.481041468703083, 0.470827468515596, 0.4449750481216743, 0.40562529860531055, 0.3565691780275554, 0.30253861616452815, 0.24831475113530946, 0.1979154988872403, 0.1540751101248248, 0.11810231816305451, 0.09006699327595637, 0.06917784896077524, 0.0541988494114866, 0.04379335483009836, 0.0367472884765555, 0.03207481853116591, 0.02903819944467527, 0.02711916303091318, 0.025971771068132646, 0.025375134509070255, 0.025194476810936887, 0.02535261668612486, 0.0258107673080914, 0.026556510963993477, 0.027596867762029402, 0.028954848492380895, 0.03066840033135519, 0.032791083914762785, 0.03539412720978333, 0.03856970315782135, 0.04243538742896357, 0.04713978080922966, 0.05286921022282724, 0.059855222026220095, 0.06838218525679181, 0.07879365337521939, 0.09149509709967787, 0.10694917162660839, 0.1256578818015015, 0.14812419422243306, 0.17478458067973152, 0.2059050352572419, 0.24143818891226035, 0.2808501887603272, 0.3229437037514581, 0.36572530474403414, 0.40638406890357076]
7.0686944997423184	0.8170957098020375	[0.46182051605740154, 0.4914400278907581, 0.5065482071369256, 0.5041760893132479, 0.48336208926581054, 0.4455850081347739, 0.39462631042596347, 0.3358496971465219, 0.27510520914501074, 0.21760463161585208, 0.16710320327479417, 0.12557274874377475, 0.09335011873966051, 0.06959299198317583, 0.0528272697173167, 0.04141589898642555, 0.03386720920659384, 0.02898063343930788, 0.025872732314437166, 0.02393674001304981, 0.02277818964026567, 0.02215212773524668, 0.021912926928555218, 0.021978685035451244, 0.02230803178594694, 0.022886050776661438, 0.023716365501743185, 0.024817227851713922, 0.02622021500456757, 0.027970727261303393, 0.030129883843275782, 0.03277767324882539, 0.03601737499405771, 0.03998134993323555, 0.04483830082083298, 0.05080200186704018, 0.058141230669843245, 0.06719010810696599, 0.07835713585895059, 0.09212976909243566, 0.10906928532390694, 0.12978809541995404, 0.15489899848599056, 0.1849244172872909, 0.2201555369905999, 0.26045948632633237, 0.30505008764440356, 0.3522647023969282, 0.3994211538284084, 0.44285125008933224, 0.4782008666115982, 0.501032371115415, 0.5076618573380789, 0.4960405425122639, 0.46640567499581986, 0.4214434343756604, 0.36584705690114183, 0.3053709907981583, 0.24567419095003254, 0.19131370320462196, 0.1451616072841631, 0.10832943269435058, 0.08049686873050906, 0.06043917332959076, 0.046551351187310866, 0.03724133248341405, 0.031153533566081353, 0.027248037906472285, 0.024787094410546752, 0.023278437252415806, 0.022409541823990537, 0.02199045770265001, 0.02191102021605481, 0.022111845451840893, 0.022566104068421366, 0.02326884776825492, 0.024231315328295526, 0.02547845824524781, 0.02704860983231382, 0.02899471339993952, 0.031386851238444834, 0.03431602185026586, 0.03789923153689229, 0.042286010579895825, 0.04766642023906016, 0.05428044234131131, 0.0624282608698964, 0.07248024114663834, 0.08488424504009619, 0.10016616070537394, 0.11891714876782125, 0.1417583772706045, 0.16927175499149769, 0.2018850510581547, 0.23970443982476172, 0.2823000388888934, 0.32847241580692577, 0.3760583915509238, 0.4218636686046723]
7.3823509624998636	0.765130684217582	[0.48055921407887553, 0.5141254409719408, 0.5314312063745465, 0.5289107209805256, 0.5054235580260711, 0.46279928364379425, 0.40564216983794515, 0.3403883022543461, 0.2739060018944597, 0.21210913078352744, 0.159014874911215, 0.11645442833681437, 0.08437042682633936, 0.06144982331136213, 0.04580737437918061, 0.03552067271198376, 0.028943159249978194, 0.02481944367368255, 0.022271679685868233, 0.020725995201143696, 0.019826851278188628, 0.019363634870108927, 0.019216925475212275, 0.019323035168330272, 0.019652355884137735, 0.020197010677994058, 0.020964372860303497, 0.021974191538286232, 0.023257990269112776, 0.02486003702796054, 0.026839587848748868, 0.02927435706809697, 0.0322653258730761, 0.03594309297083396, 0.0404760019195029, 0.04608021490850941, 0.053031679594933705, 0.06167943426745577, 0.07245875228391903, 0.08590102114232134, 0.10263479188355729, 0.12336907923066258, 0.14884616248968152, 0.17974811827491047, 0.2165417418536684, 0.25925441892298945, 0.3071933912796897, 0.3586548262688179, 0.4107122248212097, 0.45920939281061773, 0.49908350303547466, 0.525080080328452, 0.5327869192883742, 0.5197449155855104, 0.4862730068786481, 0.4356627760056292, 0.3735906602974374, 0.3068946939580956, 0.24211967021734576, 0.1843096072403659, 0.136383766689392, 0.09916388903261734, 0.07187642254502707, 0.05284287863625413, 0.040106097894168746, 0.0318561820501485, 0.02663757722032822, 0.023390532501720806, 0.021399964349729735, 0.020211437701018378, 0.019549858315146128, 0.019255694236156837, 0.01924084678223714, 0.019460697850851933, 0.01989761590885102, 0.0205518931764359, 0.021437285639819472, 0.02257939573513464, 0.024015914968193493, 0.0257982492802624, 0.027994370471283597, 0.03069293427594367, 0.03400883114179135, 0.0380903969397747, 0.04312850164955464, 0.04936759921692979, 0.057118479412512635, 0.06677176197346331, 0.07880992868815213, 0.09381367331546553, 0.11245542956711335, 0.13546924606303723, 0.1635825200482412, 0.19739337809709265, 0.23718108727583548, 0.28265026490733686, 0.3326366351420108, 0.3848418857686553, 0.43570748089819]
7.696007425257409	0.7189119210425309	[0.4979017626036445, 0.5354693730803798, 0.5550292352134109, 0.5523739809275884, 0.5261750299670819, 0.4786522582854032, 0.4153070648592322, 0.34371947676382286, 0.27180474574962266, 0.20614602075869803, 0.15094172845841566, 0.10778940710826761, 0.07616814688663907, 0.05426724954686281, 0.03980310598077812, 0.030604194890031182, 0.024910479268254248, 0.021445813760767093, 0.019359889216469566, 0.018122437420678244, 0.017419731004941232, 0.017074111425997775, 0.016989317887145753, 0.017116667809342203, 0.017435604295875953, 0.01794324104448588, 0.018649245768638172, 0.019573855405646892, 0.02074782167099094, 0.022213713884162857, 0.024028385040866115, 0.026266639830013018, 0.0290262971084525, 0.03243494472447666, 0.03665874416732893, 0.04191362449119027, 0.04847903837991259, 0.05671400677210117, 0.06707424859319411, 0.08012749467026714, 0.09656130624216568, 0.1171736604226052, 0.14283148680931568, 0.17437751812492228, 0.21246426347527497, 0.2573007672825895, 0.30831953404956114, 0.36381200861437785, 0.4206373615604322, 0.4741614431958658, 0.5185936687696825, 0.5478176564894915, 0.5566408608936396, 0.5421637868005115, 0.5048020820495206, 0.44851321954860507, 0.3800352498125235, 0.3073440416363262, 0.23786846746239557, 0.17707925443570524, 0.12785096939579688, 0.09063069086245161, 0.0641425745238435, 0.04624876873195018, 0.03466686859587781, 0.027410010611428042, 0.022961474701549897, 0.020269851201590243, 0.018658712298461857, 0.017717775312863792, 0.017209727564330122, 0.01700298600401264, 0.01702826318264836, 0.0172527029522865, 0.017665490363486906, 0.018270422161728993, 0.019082558850605228, 0.020127308672747393, 0.021441095275374838, 0.02307324942573704, 0.025089060252739936, 0.027574108895167076, 0.0306401349029386, 0.034432770014840935, 0.039141500720727855, 0.04501214101897613, 0.052361810747443276, 0.061595757576040265, 0.07322408627482452, 0.08787425822336226, 0.10629181233436316, 0.12931711058574602, 0.15782070984285687, 0.19257626548738657, 0.2340517548885177, 0.2821132996566623, 0.3356670183439302, 0.39231434951395205, 0.44815414373181167]
8.009663888014954	0.6775974263407557	[0.514027138588956, 0.555645497040128, 0.5775119940447958, 0.5747337519687196, 0.5457853380505009, 0.49331702183776305, 0.4238006000748268, 0.3460269191721636, 0.2689784992271035, 0.1998665061527373, 0.142986470678569, 0.09961406615870884, 0.06870721184631765, 0.04794419690336033, 0.034665852585254654, 0.026491463786142623, 0.02158674853686183, 0.018683353791826965, 0.016974314749014546, 0.015978710747892946, 0.01542434022466396, 0.015163564566703966, 0.015119802624030166, 0.015256346690213808, 0.015559407742913776, 0.016029511616255838, 0.016677587021863283, 0.01752370043065836, 0.01859740512167779, 0.019939262175943086, 0.021603432262408274, 0.02366144799067807, 0.02620742577649687, 0.029365095387237358, 0.03329711621578529, 0.038217182501385456, 0.04440532133285929, 0.05222641781490455, 0.062151126602831036, 0.07477659975982459, 0.09084143944278003, 0.11122458580754419, 0.1369115125577977, 0.16890428599090038, 0.20804802844292658, 0.2547513478733418, 0.3086010255877998, 0.3679191081663045, 0.42938149342370513, 0.4878889924512193, 0.5369076076834253, 0.5694165527641049, 0.5793921702611508, 0.5634651227370737, 0.5221634497432232, 0.46017102087784373, 0.38536323827588403, 0.3069013413119276, 0.23308750545991916, 0.16975233125145828, 0.11963436984824172, 0.08272988573300476, 0.05722506447136461, 0.040529429679762356, 0.030069236053446774, 0.023722037041223828, 0.019944535597176776, 0.017715712109481415, 0.01640808478477923, 0.01565776008277391, 0.015263252116838176, 0.015117534443625591, 0.01516680480991651, 0.015387302823702058, 0.015773115693669355, 0.01633026062682981, 0.01707427687717021, 0.018029851838431307, 0.019231786264124417, 0.02072704768425515, 0.02257792890048194, 0.024866499338374183, 0.027700672366453356, 0.031222315128126663, 0.03561789876994298, 0.04113216362483363, 0.04808506634605586, 0.056891685984466395, 0.06808351876805355, 0.08232726799059324, 0.10043341490065749, 0.1233412782386452, 0.1520604472479071, 0.1875424664047146, 0.23045619052527605, 0.28085295180157194, 0.33774240340214495, 0.3986605625269761, 0.4593873753412516]
8.3233203507725	0.6404925840979488	[0.5290764180059575, 0.5747895762241664, 0.5990113875275809, 0.5961203714212121, 0.5643861396583921, 0.5069298733026228, 0.43126582286238413, 0.347457803293848, 0.2655680445073144, 0.193387102917917, 0.1352216172074391, 0.0919431826758637, 0.061942515039400306, 0.04238542549668722, 0.030267424139536862, 0.02303977510336958, 0.01882961663817068, 0.016399296406291796, 0.014995689705164976, 0.014189217622590424, 0.013746895460666831, 0.013547458214189975, 0.013530579389269989, 0.013668884250338758, 0.013953528883985595, 0.014387283978377515, 0.014981632592804975, 0.01575606176892682, 0.01673869443250865, 0.017967939891397878, 0.019495139575092694, 0.021388373885487207, 0.02373774196841514, 0.02666255972067301, 0.030321044417982383, 0.034923140901319635, 0.04074712178026398, 0.04816031906922605, 0.05764355915114051, 0.06981716976097359, 0.08546324474862314, 0.10553359790777858, 0.131125269061298, 0.1633965005705454, 0.20338919579589676, 0.2517262622346251, 0.30817502464744345, 0.37112212963669244, 0.4370919807075392, 0.5005357843447333, 0.5541636436063815, 0.5900103536149812, 0.6011716472203509, 0.5837795188207844, 0.5384906840755919, 0.4707757903358511, 0.3897205118622092, 0.30571241963000856, 0.22790796160546067, 0.16242562560186918, 0.11177868279572001, 0.07544577364723698, 0.05105189331777251, 0.035570779674060735, 0.02617558895044309, 0.020648212423727042, 0.017448407589532523, 0.015601885643458416, 0.014535792220274959, 0.013932002072070675, 0.01362160158361615, 0.013518465030877787, 0.013581213991542955, 0.013792965317972436, 0.014151237940111758, 0.014663355800157481, 0.015344796495357138, 0.016219219078640164, 0.017319623145994407, 0.018690486482367968, 0.02039096098975276, 0.02249936853890077, 0.025119376117100845, 0.028388359258594315, 0.03248857319033071, 0.037661795879370755, 0.04422798244140382, 0.05260798095954065, 0.063349176774851, 0.07715056648798965, 0.09487960961790443, 0.11756677664830019, 0.14635521873543927, 0.18237441722639108, 0.22650323520392995, 0.27899883915577356, 0.3390054033468472, 0.40402801850139414, 0.4695531489452876]
8.636976813530046	0.6070211031783004	[0.5431637287209079, 0.593010575702307, 0.619632689522455, 0.6166377489753304, 0.5820828830862842, 0.5196010388917229, 0.43781960808971504, 0.34813277642583834, 0.2616874660150015, 0.1867987151719616, 0.12769779373701493, 0.08477686561631834, 0.05582460089678931, 0.03750304955895031, 0.026497788265352203, 0.0201326383582215, 0.01652747188416359, 0.01449289185033213, 0.013335725201848414, 0.01267704451351373, 0.012319614353099462, 0.012164730048691367, 0.012165207643209722, 0.012300815583718488, 0.012566252667630961, 0.012965697548136255, 0.01351072082440299, 0.014219991584554174, 0.015120096850320786, 0.016247255952757795, 0.01764996858551994, 0.019392804699017826, 0.021561689145516653, 0.024271181384436166, 0.02767440584331112, 0.031976428295368085, 0.03745193194317949, 0.04446787870139874, 0.053511175291906105, 0.06521973952936137, 0.08041210118265818, 0.10010495859458947, 0.1254993807206884, 0.1579051942919963, 0.19856292750520174, 0.24832165542721524, 0.3071528600404248, 0.37354031933194115, 0.44388913929412305, 0.5122185519288542, 0.5704732251588392, 0.6097059255628318, 0.6220835577232923, 0.6032112540951173, 0.5538912381703737, 0.4804410528122875, 0.3932266263476265, 0.3038964151330411, 0.22243461430215813, 0.15517176783111564, 0.10430989701572164, 0.06875284076371745, 0.045552533402569456, 0.03127174117671923, 0.022870922200671193, 0.018073408840124434, 0.01536647317567857, 0.013833861164666035, 0.012959471618500114, 0.012468460789656528, 0.01222064183278043, 0.01214726086643522, 0.012216715721055137, 0.012417230699624209, 0.01274866433757083, 0.013219016487468538, 0.01384336498978434, 0.014644178076237045, 0.015652589389894937, 0.01691056267557218, 0.018474075543056967, 0.020417603654113353, 0.022840330712428438, 0.025874661963756075, 0.029697771364102163, 0.03454702390527402, 0.04074008420970695, 0.04870014994605061, 0.05898567464283342, 0.0723215997093518, 0.08962472859625711, 0.11200868141903995, 0.14074372352335449, 0.17713542335179017, 0.2222791180144975, 0.27665555388627544, 0.3395722358976217, 0.4085372505365155, 0.4787703875832357]
9.107461507666365	0.5767021587045029	[0.5563833697158967, 0.6103978613169619, 0.6394617684113196, 0.6363705589834292, 0.5989619100093722, 0.5314216291765399, 0.4435594319709212, 0.3481525388770747, 0.25743054281023386, 0.18017279105650752, 0.12044942315623948, 0.0781052640589369, 0.05030266665777491, 0.033217127727902654, 0.023262868133282655, 0.01767490071255341, 0.01459246282566144, 0.012887136537091533, 0.011928341936837351, 0.011385307720853869, 0.011092541682923595, 0.010970248920959972, 0.010981699288104057, 0.011112051723550138, 0.01135849759969375, 0.011726038567916468, 0.012226035502664684, 0.012876214155509949, 0.013701599975667177, 0.014736249606763029, 0.016025864845177252, 0.017631528298469076, 0.01963494428248867, 0.022145729971583317, 0.02531148725538235, 0.029331578227927754, 0.034475667342039246, 0.041108041671549515, 0.04971819742794697, 0.060956684824004834, 0.07567194415084995, 0.09493780347233859, 0.12005150724926232, 0.15246877156895436, 0.19362862361981747, 0.24461558548511303, 0.30562636358392803, 0.37527282652755306, 0.449873134238585, 0.5230340754969947, 0.5859280916114509, 0.6285906365766979, 0.6422128498221867, 0.621845445930458, 0.5684534800241524, 0.48926111666374716, 0.3959814830511571, 0.3015522644427114, 0.2167521312961086, 0.14804519787222087, 0.097240554019483, 0.06261971142608505, 0.040659798541313956, 0.027543453237200484, 0.020059250813567547, 0.015905399765183383, 0.013616118796084927, 0.012340236786666195, 0.011617914067572736, 0.011214000324133756, 0.01101306857630423, 0.010960543759990445, 0.011032402498153163, 0.011220607242432045, 0.011526564991693355, 0.01195852838962962, 0.012530975482342456, 0.013265115187533982, 0.014190220909122274, 0.015345782272102471, 0.016784641204863386, 0.01857742275586354, 0.020818721908272768, 0.023635681491911486, 0.02719978938583998, 0.03174290078007323, 0.03757856002151652, 0.0451294559364553, 0.05496091453830138, 0.06781807307486439, 0.08465985599276685, 0.10667502315728834, 0.13525381978336984, 0.1718745087143633, 0.21785303070205003, 0.27390878372719524, 0.339539234364041, 0.4122886190731444, 0.4871379467488706]
