I_value	Tstar	ystar
4.454444444444443	0.9067613706811914	[0.1680991783192758, 0.16848851312146215, 0.16872053395205913, 0.16878975457922138, 0.16869389165467533, 0.16843398884552732, 0.16801444067459892, 0.16744291168257627, 0.16673015232046298, 0.16588971868820407, 0.16493760868593288, 0.16389183154252682, 0.16277193096978915, 0.16159848379376146, 0.1603925960570095, 0.15917541703904284, 0.1579676889274627, 0.15678934603838612, 0.15565917321399236, 0.154594528461968, 0.15361113069091442, 0.15272290959397028, 0.1519419118019454, 0.15127825524785316, 0.15074012250417407, 0.150333783400208, 0.15006363759366823, 0.14993226861811057, 0.14994050228802444, 0.15008746389263242, 0.150370630384767, 0.15078587551017367, 0.15132750759057245, 0.15198830127256707, 0.15275952606632057, 0.15363097576740012, 0.1545910039551625, 0.15562657155705684, 0.1567233129994935, 0.15786562761235903, 0.1590368027172407, 0.16021917411093606, 0.1613943284500327, 0.1625433502983424, 0.1636471143481429, 0.16468662061342174, 0.16564336732644053, 0.1664997530256009, 0.167239496101177, 0.16784805716511578, 0.1683130472773879, 0.16862460363512377, 0.16877571399416974, 0.16876247209448042, 0.16858424868017605, 0.16824376637313748, 0.16774707136378206, 0.1671034004061691, 0.16632494738279865, 0.16542653938326737, 0.1644252371790455, 0.16333987890198004, 0.16219058815331439, 0.16099826868935763, 0.15978410706310417, 0.15856910248169875, 0.1573736397660096, 0.15621711724966808, 0.15511763692948202, 0.15409175980687734, 0.15315432526072253, 0.15231832996571276, 0.15159485924462088, 0.15099306212910368, 0.15052016053248637, 0.15018148297734127, 0.14998051387908845, 0.14991895057897334, 0.1499967617215844, 0.15021224232090405, 0.15056206255437202, 0.1510413091618076, 0.15164351993880515, 0.15236071345396687, 0.1531834174321986, 0.15410070052070352, 0.15510021301912383, 0.15616824291566828, 0.1572897938244651, 0.1584486914732104, 0.15962772482670348, 0.16080882706577157, 0.16197330007571265, 0.16310208418781158, 0.1641760723357033, 0.16517646497075716, 0.16608515881223762, 0.1668851593336341, 0.1675610037016548]
4.459999999999998	0.9050699187065642	[0.1726422731763418, 0.17325978522467728, 0.17363429988957488, 0.17375565098458334, 0.1736190848654398, 0.17322556023828523, 0.17258184313588337, 0.17170038315269406, 0.1705989718437514, 0.16930019852271438, 0.16783073303506116, 0.16622047600238135, 0.1645016253287174, 0.16270771075690982, 0.16087264768304996, 0.1590298557443282, 0.15721147957331635, 0.15544773786126692, 0.15376641559548668, 0.15219250246507143, 0.15074797077380397, 0.14945167773317852, 0.14831937184121127, 0.14736377954012295, 0.14659474794510732, 0.14601942011431926, 0.14564242221068746, 0.1454660449179538, 0.14549040572027946, 0.14571358226955147, 0.1461317112822855, 0.14673905062899129, 0.14752800585991374, 0.14848912495954744, 0.14961106802163043, 0.15088056050660856, 0.1522823410777645, 0.15379911648102665, 0.15541153763943547, 0.15709821187754325, 0.158835766856421, 0.16059898121371255, 0.1623609958043538, 0.16409361672346634, 0.16576771769315687, 0.16735374402679482, 0.16882231411005894, 0.17014490668952326, 0.171294614340256, 0.17224693533607166, 0.17298056907694084, 0.17347817465692963, 0.17372704930490465, 0.17371968370266336, 0.17345415522875196, 0.17293432789459856, 0.17216983878752887, 0.1711758643812426, 0.16997267478237327, 0.1685849985771785, 0.16704123364837425, 0.16537254917661393, 0.16361192960845258, 0.1617932127301457, 0.15995017059480005, 0.15811567521294004, 0.15632098086253932, 0.15459514367415503, 0.15296458719085315, 0.1514528119776879, 0.1500802379621987, 0.1488641616211314, 0.14781880551025647, 0.14695543602055033, 0.1462825251238187, 0.14580593404080827, 0.14552909943095454, 0.14545320673357648, 0.14557733889707455, 0.145898593045378, 0.14641216098151494, 0.14711137322311207, 0.14798770892871832, 0.14903077719925117, 0.15022827725607707, 0.15156594756917613, 0.1530275154864377, 0.1545946609473102, 0.156247008663815, 0.15796216432621998, 0.15971581000146268, 0.16148187353609073, 0.16323278442297304, 0.16493982592368522, 0.1665735882690701, 0.1681045224108635, 0.16950358629418943, 0.17074296827253035, 0.17179686365540286]
4.471111111111109	0.9033837182303655	[0.17603885259479665, 0.17684072696813422, 0.17733308919522447, 0.17750134740643714, 0.1773382366001399, 0.17684431545873036, 0.17602815238015726, 0.17490617470524353, 0.17350217946188026, 0.1718465295902639, 0.16997508369581776, 0.1679279271117316, 0.1657479852050445, 0.16347960504423903, 0.16116718850007414, 0.1588539493640563, 0.1565808508756469, 0.15438576043347954, 0.1523028377144096, 0.1503621532164683, 0.148589518148622, 0.14700649473488867, 0.1456305487655614, 0.14447530342494075, 0.14355085435308235, 0.1428641096622874, 0.14241912419338823, 0.14221740377746966, 0.1422581618861489, 0.1425385173225906, 0.14305362719172968, 0.143796754219997, 0.14475927157594637, 0.14593061183442632, 0.14729816976451468, 0.14884717139565626, 0.15056052441971401, 0.1524186674894163, 0.15439943831678832, 0.15647798252605796, 0.15862672672049494, 0.16081543984985622, 0.16301140629857405, 0.1651797317404359, 0.16728379831354212, 0.16928587880632018, 0.17114791022087317, 0.17283241553906717, 0.17430354932213635, 0.1755282289197747, 0.1764772998608894, 0.17712667304941518, 0.17745836433405723, 0.17746136536600593, 0.1771322794333015, 0.1764756675348011, 0.17550406780326366, 0.17423767409613555, 0.1727036849086274, 0.1709353589919801, 0.16897083629082676, 0.16685179949165432, 0.16462206074594654, 0.16232615916891924, 0.16000804777872174, 0.15770993494562463, 0.15547132720540846, 0.15332829990215227, 0.15131300198792375, 0.14945338347155243, 0.14777311994348927, 0.14629169904648534, 0.14502462880670905, 0.1439837269021993, 0.14317745242099283, 0.14261124644239867, 0.14228785390890097, 0.14220760587848852, 0.14236864774785005, 0.14276710498203088, 0.1433971831055679, 0.14425120314708115, 0.14531957750453606, 0.14659073443155105, 0.14805100224391216, 0.14968446701046656, 0.15147282005917312, 0.15339521404812922, 0.15542814858825987, 0.15754540820487753, 0.15971807655184592, 0.1619146508137836, 0.16410127877533406, 0.16624213763677032, 0.1682999680104484, 0.17023676842286375, 0.17201464517270487, 0.17359679992327207, 0.17494862374402623]
4.48222222222222	0.9000269888429415	[0.18138251650501117, 0.1824981482831736, 0.18319548763105992, 0.18345126202462275, 0.18325299851698104, 0.1825999667748678, 0.18150359179251588, 0.17998727767500125, 0.1780856319692798, 0.1758431318721948, 0.1733123229236579, 0.17055168086889677, 0.1676232931741076, 0.16459052498979726, 0.16151582492215927, 0.15845880095180828, 0.15547466071615765, 0.152613068653789, 0.1499174309730626, 0.14742458292137917, 0.1451648248229069, 0.14316223546881215, 0.14143518362051388, 0.13999695930496153, 0.13885645402789537, 0.13801883063571732, 0.13748613695215003, 0.13725783075344383, 0.13733119574866068, 0.1377016384304942, 0.13836286363156575, 0.13930693268051098, 0.14052421245380955, 0.1420032270450117, 0.14373042657509066, 0.14568989049599132, 0.1478629857548982, 0.15022800378891124, 0.15275980432898945, 0.1554294984327719, 0.1582042074291819, 0.1610469381337576, 0.163916616735313, 0.1667683234052456, 0.1695537656733639, 0.17222202023651959, 0.174720559221006, 0.17699655810068138, 0.17899845881948148, 0.18067773491273958, 0.18199077774186712, 0.18290079786678587, 0.1833796165593806, 0.1834092134885862, 0.18298290039441037, 0.18210600898477375, 0.1807960136571066, 0.17908205365701846, 0.17700386994983483, 0.17461022356749104, 0.17195690754258952, 0.16910449810239409, 0.16611600798345524, 0.16305460413484907, 0.15998153431625475, 0.15695437598045195, 0.1540256810744069, 0.15124204818648337, 0.14864361381910854, 0.14626392210992237, 0.14413010917279515, 0.14226332558834248, 0.14067931723841007, 0.13938908927739918, 0.13839958774501046, 0.13771434620699738, 0.1373340583032995, 0.13725705009476313, 0.13747963718212805, 0.13799636077421348, 0.13880010373576823, 0.1398820929370355, 0.14123179795212712, 0.1428367393249293, 0.14468222226335845, 0.1467510146297717, 0.14902299126961988, 0.15147477065472253, 0.15407937396024987, 0.15680594122754427, 0.15961954321099556, 0.16248113059350383, 0.165347663120313, 0.16817245925768587, 0.17090580079176226, 0.17349581592839058, 0.17588964810212462, 0.17803489643465295, 0.179881288242626]
4.5044444444444425	0.8966910175969329	[0.1857194708270346, 0.18711183911122703, 0.1879940062744414, 0.18833398779584487, 0.18811383619809302, 0.18733109128679207, 0.18599946958751087, 0.18414869223352312, 0.18182342659376696, 0.17908140067016334, 0.17599082951632794, 0.17262735801994733, 0.16907076518363912, 0.16540168608781056, 0.16169858875824056, 0.15803519861797471, 0.15447850137053376, 0.15108738614248143, 0.14791192452133914, 0.1449932258536341, 0.1423637698806012, 0.1400480962690399, 0.13806372559135213, 0.13642219461418106, 0.13513010596886582, 0.13419011411299875, 0.13360179208299994, 0.13336234428530186, 0.13346714773288304, 0.1339101172583011, 0.1346838993281701, 0.13577990499009845, 0.13718819593744164, 0.13889723986154506, 0.1408935528906928, 0.14316124898196997, 0.1456815189954748, 0.14843206644482723, 0.15138653244389072, 0.15451394925809148, 0.15777826934462663, 0.16113802427083024, 0.1645461739194755, 0.16795020966332969, 0.17129257363195158, 0.1745114482820449, 0.17754195436153347, 0.18031777045489347, 0.18277315350545698, 0.18484529906103359, 0.1864769355703797, 0.1876190043017876, 0.18823324132235433, 0.18829445749666981, 0.18779231210334374, 0.18673239944419898, 0.18513651564132377, 0.18304204131789245, 0.1805004569810827, 0.17757509149137432, 0.1743382779006054, 0.17086814494004024, 0.1672452986162051, 0.1635496442555291, 0.15985756663753647, 0.15623963158975132, 0.15275890556780816, 0.14946992109266494, 0.14641825422438803, 0.14364063266943697, 0.14116546257329626, 0.1390136492163722, 0.13719958885591774, 0.13573222240629557, 0.13461606157011205, 0.13385212078303976, 0.13343871014762015, 0.13337206374425117, 0.1336467927441087, 0.13425616392441386, 0.13519221145797564, 0.13644569452859204, 0.13800591590119968, 0.13986041849327857, 0.14199457864085097, 0.14439111727002388, 0.14702955360860884, 0.14988563107667555, 0.15293075113881632, 0.15613145826726108, 0.1594490266860542, 0.16283920660120987, 0.16625219238425976, 0.16963287636104646, 0.17292144724640993, 0.17605438050438238, 0.1789658473628408, 0.18158953984086937, 0.18386087152324088]
4.548888888888887	0.8900806972783241	[0.19284150894726496, 0.19473055750048007, 0.19595165151171864, 0.19645502194351755, 0.19621107899017665, 0.19521303328262068, 0.19347826470007026, 0.19104822722132778, 0.18798682153966728, 0.18437733039048732, 0.18031817003219278, 0.17591783957640694, 0.17128952711576592, 0.16654584635240677, 0.16179412990171876, 0.15713260713911584, 0.15264766500793017, 0.148412252699505, 0.14448536690031755, 0.14091245915211884, 0.13772654871723064, 0.1349498034822009, 0.13259536196078692, 0.13066920207538893, 0.12917190673902518, 0.128100223279258, 0.12744835659079604, 0.12720897066565393, 0.1273738982241305, 0.12793457404009215, 0.12888221566643515, 0.13020777782312593, 0.13190170576786306, 0.13395351060968216, 0.13635118727320558, 0.13908049508068906, 0.14212412253305007, 0.14546076260321927, 0.14906413293771906, 0.15290198687076687, 0.1569351755061372, 0.16111683733901094, 0.1653918080589148, 0.16969635682017908, 0.17395836287352542, 0.17809804426127562, 0.18202933414805503, 0.18566196717079197, 0.18890428616136887, 0.1916667100403133, 0.19386572120330642, 0.19542814434584288, 0.19629541063617317, 0.19642744616933402, 0.19580580557386262, 0.19443570107101138, 0.19234665751816138, 0.1895916496768567, 0.18624473398337008, 0.18239735127592152, 0.17815362326876674, 0.17362507047602518, 0.1689252259652724, 0.16416460221412693, 0.15944639332225471, 0.15486317821862133, 0.1504947540795928, 0.14640709597354074, 0.14265232750464438, 0.13926951014099595, 0.13628601975475982, 0.13371927480596216, 0.1315786034057539, 0.12986707628250868, 0.1285831793130652, 0.12772224493995615, 0.12727760087913287, 0.12724142454691467, 0.12760531191819355, 0.1283605813294909, 0.1294983377493805, 0.13100932363286483, 0.13288358054884075, 0.13510994332964626, 0.13767538680723151, 0.14056424558435548, 0.14375733035328903, 0.14723097070615404, 0.1509560241603098, 0.1548969041918818, 0.15901069548628083, 0.16324644112603742, 0.1675447016774562, 0.17183749726714412, 0.1760487469175075, 0.18009531076014162, 0.18388871638401172, 0.18733760805220454, 0.19035089634476363]
4.637777777777775	0.8771020613141233	[0.20398207549570618, 0.20675422856736655, 0.20859527801868158, 0.20941808521361993, 0.20916739024234443, 0.20782531511860963, 0.20541452508148064, 0.201998514091663, 0.1976787993366717, 0.1925891915051541, 0.18688768630532587, 0.18074682817804666, 0.17434357086255906, 0.16784967151736768, 0.16142350949644912, 0.15520395546838384, 0.14930658973531832, 0.14382224538615584, 0.1388175862494005, 0.13433725563228574, 0.13040705835129943, 0.12703765424435595, 0.12422832047488533, 0.12197045307512144, 0.12025059781584967, 0.11905290729347683, 0.11836100360076592, 0.11815928118097134, 0.11843371425997729, 0.11917224323729178, 0.12036481043466901, 0.12200310381556509, 0.1240800520662178, 0.12658909957851033, 0.1295232774820031, 0.1328740788954427, 0.13663014391097736, 0.1407757637410484, 0.14528922451247892, 0.15014103026659864, 0.15529207176229112, 0.1606918422649102, 0.16627684145065322, 0.17196935021146967, 0.1776767961985165, 0.18329195403837337, 0.18869422476628941, 0.19375220533421889, 0.19832768178334606, 0.20228105456734127, 0.20547803543274276, 0.2077972571556305, 0.2091382370669075, 0.20942896908686817, 0.2086323271555199, 0.20675048024690432, 0.20382666473438932, 0.199943928178877, 0.1952208162960258, 0.18980436406182813, 0.18386110251060875, 0.17756703811153698, 0.17109765624259105, 0.16461893063605756, 0.15828010889090352, 0.1522087398223046, 0.1465080757289234, 0.14125668242878223, 0.13650986752477384, 0.1323024138122079, 0.1286520784915557, 0.12556336977150398, 0.12303121241026459, 0.1210442329905474, 0.11958751101252596, 0.118644737243337, 0.11819978977170373, 0.11823778006228565, 0.1187456405868533, 0.11971232768595248, 0.1211287049171273, 0.12298715797753158, 0.1252809770461674, 0.1280035283671564, 0.1311472266964814, 0.13470231462703802, 0.13865545548393104, 0.14298815371196344, 0.14767503184568698, 0.1526820160630146, 0.15796451345086493, 0.16346570156402385, 0.16911509244243123, 0.17482757335811974, 0.18050315850751297, 0.18602769942396966, 0.1912747868386634, 0.19610902199529326, 0.20039073451222716]
4.815555555555553	0.8520781220841211	[0.2207943098765665, 0.2251475651449176, 0.22813653079913027, 0.2295923932686474, 0.22940082294109285, 0.2275150885545217, 0.22396430129664507, 0.21885521620347406, 0.2123668395394105, 0.2047381463669316, 0.19625029192682647, 0.18720556336519578, 0.17790576849449694, 0.16863269905536651, 0.15963277335116569, 0.15110710694208826, 0.14320729693165637, 0.1360363478902769, 0.12965357024176916, 0.1240820079777379, 0.11931697903071414, 0.11533455404607386, 0.1120991515322807, 0.10956979162569656, 0.10770485978443374, 0.10646545189473887, 0.1058175001575252, 0.1057329289736581, 0.10619008509287219, 0.1071736487827641, 0.10867418136853307, 0.11068741113285131, 0.11321331163519163, 0.11625498680077836, 0.11981734684537976, 0.12390553794271382, 0.12852307689109835, 0.1336696404774501, 0.1393384698267741, 0.14551337532696984, 0.15216537121008394, 0.15924903336930724, 0.16669876094227906, 0.17442522925767856, 0.18231244104903108, 0.19021589851669515, 0.1979625060667479, 0.20535283939101384, 0.21216634398942844, 0.21816982269983387, 0.22312922089948184, 0.2268242336340358, 0.22906469528644258, 0.22970716717592152, 0.2286697398112247, 0.22594294651079766, 0.22159493889790097, 0.21576972257573626, 0.20867821180073162, 0.20058295935139556, 0.19177841768369688, 0.1825692636575088, 0.17324951830649235, 0.16408488502343493, 0.15530001045596706, 0.14707143462742048, 0.13952606212591528, 0.13274424525940226, 0.1267661320563543, 0.12159981612693987, 0.1172299722734706, 0.1136259728086847, 0.11074884801543088, 0.10855679750691656, 0.10700922559040657, 0.10606944720427783, 0.10570629690239607, 0.10589489321610317, 0.10661678647436057, 0.10785967218831914, 0.10961679814260378, 0.1118861424937217, 0.11466939574167495, 0.11797074481731998, 0.12179543141800407, 0.1261480406709475, 0.13103046903463755, 0.13643952497343165, 0.14236413309051202, 0.1487821467872252, 0.1556568278002492, 0.16293312710819916, 0.17053399888198767, 0.1783570941934616, 0.18627230080628984, 0.19412070091646064, 0.20171557935147305, 0.20884609638203416, 0.21528410421170896]
4.993333333333331	0.8055039173884653	[0.24554534797528868, 0.2527816001882457, 0.2579406045507611, 0.2606666989366106, 0.2607033098907849, 0.2579277241118571, 0.2523747864289108, 0.24424425132058278, 0.23388893455556603, 0.2217842424895966, 0.20848328130181532, 0.19456458682745487, 0.18058076423354194, 0.1670156585770752, 0.1542553617263225, 0.14257514809501223, 0.13214125584327988, 0.12302407618691297, 0.1152181853523874, 0.10866472566376857, 0.1032725715249857, 0.09893603463451227, 0.09554815358298266, 0.09300961120388375, 0.09123393332149679, 0.09014987762953258, 0.0897019204152392, 0.08984960290086101, 0.09056629890600795, 0.09183776978226756, 0.09366070985394795, 0.09604136329796861, 0.09899420710866773, 0.10254063529904228, 0.10670753752223035, 0.11152563365653749, 0.11702740073333058, 0.12324440953746055, 0.13020387898913294, 0.13792426464388213, 0.14640973538230218, 0.1556434749904364, 0.16557989029164227, 0.17613602971799724, 0.18718282190146443, 0.1985371202564667, 0.20995594416302632, 0.22113465812811398, 0.23171100448410212, 0.2412767526295933, 0.2493981072675673, 0.2556448538632677, 0.259626570233965, 0.26103234328945335, 0.2596687327752465, 0.25548976216609975, 0.24861298221876632, 0.23931738045364884, 0.2280219159598046, 0.21524710639715972, 0.20156544546339497, 0.18754854859661063, 0.1737192186229161, 0.16051506199086235, 0.14826740858112908, 0.13719597888446633, 0.12741689983779864, 0.11895990684728618, 0.11179006866270018, 0.10582992766111435, 0.1009791308698527, 0.09712997558275999, 0.09417846009808757, 0.09203123677027752, 0.09060928765408066, 0.08984925576577127, 0.0897032784897779, 0.09013798715514482, 0.09113313371223436, 0.09268012408145243, 0.09478059534654704, 0.09744507056590791, 0.10069165340795852, 0.10454467506089705, 0.10903316985598495, 0.11418902782327332, 0.12004465017585028, 0.1266299187928672, 0.13396828912690933, 0.14207183712090157, 0.15093514886515255, 0.1605280532953719, 0.17078738038736194, 0.18160819133978154, 0.192835271542559, 0.20425607518686145, 0.21559670106085024, 0.22652275908555342, 0.236647017359446]
5.171111111111109	0.7631122098951654	[0.2647041894355031, 0.27470625823934053, 0.28202318296816886, 0.2860842731995495, 0.28646174310938594, 0.2829352746048904, 0.27553813325741944, 0.264573459553725, 0.2505941914116894, 0.2343474542824437, 0.21669221701474237, 0.19850510474588448, 0.18059150489170994, 0.16361683044147907, 0.14806694071139617, 0.13423935125659986, 0.12226033386828042, 0.11211899635455222, 0.10370847049231811, 0.09686587688387938, 0.09140563072371302, 0.08714372368937516, 0.08391304989193013, 0.08157130827202885, 0.08000357360684483, 0.07912155173565302, 0.07886112760635657, 0.07917931639928275, 0.08005128150682071, 0.08146774573997057, 0.08343289763421635, 0.08596275927449439, 0.08908390638175094, 0.09283238822557871, 0.09725266528072288, 0.10239635321396821, 0.10832052700925734, 0.11508529710929953, 0.12275032544960084, 0.13136991341410095, 0.14098628569844085, 0.15162074175808665, 0.16326248890915449, 0.17585525209453484, 0.1892822167420095, 0.20335052201956144, 0.21777735369919324, 0.23218057744437257, 0.2460775871265065, 0.25889629211695225, 0.27000155086699085, 0.27873855556438953, 0.2844916084205524, 0.2867527547696739, 0.2851907248286222, 0.27970786597790676, 0.27047254239279034, 0.25791763973482446, 0.24270210443400675, 0.22564041430230675, 0.20761220534724148, 0.18946862868068057, 0.1719519802029271, 0.15564087154936448, 0.14092629404810644, 0.12801670801472684, 0.11696487597619891, 0.10770668083278415, 0.10010257960344877, 0.09397471846064005, 0.08913584901356415, 0.08540900872712161, 0.08263889001443707, 0.08069680898351697, 0.07948138760285568, 0.0789167853778495, 0.0789498403343204, 0.07954699443399968, 0.08069148388177237, 0.08238099531474793, 0.0846258128879403, 0.08744737904722945, 0.09087713560727917, 0.09495547700110517, 0.09973061956985023, 0.10525715883632118, 0.11159404848071713, 0.11880169052080472, 0.12693778477648748, 0.13605156047753147, 0.14617602882055858, 0.15731798467235783, 0.1694456919464533, 0.18247455367189214, 0.19625162911724403, 0.2105406143467989, 0.22500978481744346, 0.2392262454637961, 0.2526603718467097]
5.526666666666665	0.7244260863329571	[0.2807319108556635, 0.29345396637374516, 0.30294866308745283, 0.308405445774684, 0.30919935306862606, 0.3049933322382796, 0.29581380268936375, 0.2820792762491816, 0.26456996927033577, 0.24433953375473974, 0.22258446942744234, 0.20049755066120328, 0.17913482727295663, 0.15932038830618483, 0.14160139597007498, 0.12625237902626685, 0.11331698914629343, 0.10267014549050038, 0.09408395818506772, 0.08728526131167458, 0.08199846672187568, 0.0779726468464563, 0.07499515066242118, 0.07289552621273307, 0.07154354781593743, 0.07084438958716167, 0.07073300081574078, 0.07116885782780613, 0.07213162381046279, 0.07361784750699485, 0.07563861750339891, 0.07821799459014868, 0.08139201300696576, 0.08520803377487095, 0.08972422454812788, 0.09500891779823996, 0.10113955507590118, 0.10820085892805685, 0.11628178834674645, 0.1254707402840888, 0.1358483797910035, 0.1474774539054798, 0.16038902678695996, 0.17456484606417566, 0.18991610315018995, 0.20625976454605097, 0.22329494892269436, 0.24058340871794318, 0.25753975073361246, 0.2734380689414227, 0.28744143542003586, 0.29865846116335965, 0.30622647829109256, 0.3094141431585399, 0.3077288074520848, 0.30100823390688625, 0.2894748528759624, 0.27373564588636107, 0.254721746257293, 0.2335762505431642, 0.21151193860672837, 0.18966793852141745, 0.16899321376901663, 0.15017575918513185, 0.13362317362779974, 0.11948763351358008, 0.10772006942464753, 0.09813606276678782, 0.0904787322176892, 0.08446935393427882, 0.07984220621573819, 0.07636449778618902, 0.07384463768198274, 0.072132771850641, 0.0711170645177319, 0.07071827567762662, 0.07088422407116464, 0.07158495688182855, 0.0728089295103303, 0.07456020049957045, 0.07685649988485728, 0.07972797290015014, 0.08321638462416092, 0.08737456581304288, 0.09226586509180919, 0.0979633403991464, 0.10454836680312292, 0.11210826160581175, 0.1207324356169307, 0.13050648974419032, 0.1415036158151185, 0.15377267993759425, 0.1673225325321583, 0.18210249090281103, 0.19797966535535333, 0.21471490949234018, 0.23194063844047474, 0.24914539036213856, 0.26567139417834584]
5.88222222222222	0.6565636054928915	[0.30740233296796204, 0.3254308998374344, 0.33925808607427227, 0.34753101756753096, 0.34916725220097544, 0.34355612240431116, 0.330713496010544, 0.3113429199475049, 0.2867741630411399, 0.2587820894136581, 0.22932395772725722, 0.20025772438949543, 0.17310737992062067, 0.1489226309669166, 0.1282480837091439, 0.11118521006143557, 0.09751032644475446, 0.08680794215345888, 0.07858798063125602, 0.07237033465220195, 0.06773409051602067, 0.0643376715435105, 0.06191956527864413, 0.0602887495207596, 0.05931149659407586, 0.05889852637626729, 0.05899433980070543, 0.05956921288052254, 0.060613643549483856, 0.062134791605464174, 0.06415443151345489, 0.06670801002837157, 0.0698444877650148, 0.07362670909658535, 0.07813207321425354, 0.08345326484718851, 0.08969874209702436, 0.09699256673887596, 0.1054729955907602, 0.11528903170847944, 0.1265938762480959, 0.1395339671475394, 0.15423212367857694, 0.1707633811735122, 0.18912261130341412, 0.20918424445020392, 0.23065658762688812, 0.253036447151077, 0.27557372044982203, 0.2972593951473225, 0.3168523278877695, 0.33295810329064846, 0.34416528664598456, 0.34923011176566227, 0.34728257339308105, 0.3380108024748698, 0.32177417212881776, 0.29960500052749484, 0.2730846082362986, 0.24411470577012043, 0.21463659738581062, 0.1863654585652061, 0.16059877991868174, 0.1381310667832245, 0.11927312638533949, 0.10394725177217545, 0.09181762310959117, 0.08241863937886093, 0.07525691812962655, 0.06987782436089156, 0.0658990426709865, 0.06301977097857372, 0.06101528832073224, 0.05972491159778539, 0.05903862983139156, 0.05888522095241158, 0.05922291148707629, 0.06003264625846893, 0.06131359396255669, 0.06308040009240486, 0.06536173745512387, 0.06819979106571189, 0.07165039307891315, 0.0757835715338398, 0.08068428408116857, 0.08645307085802974, 0.09320627448249441, 0.1010753361664871, 0.11020448267528186, 0.12074587700210473, 0.1328510417074735, 0.14665713921760645, 0.1622666198545161, 0.17971900599613927, 0.19895441238321068, 0.2197700769519424, 0.241773880343857, 0.26434248912592717, 0.2865957832914645]
6.237777777777775	0.5991925985464838	[0.32900748654716794, 0.3523150565988055, 0.3705860373046389, 0.3818456655444573, 0.38446782012672737, 0.3775081325872575, 0.360967681548189, 0.33589874686010607, 0.30429720190807774, 0.2687886347981012, 0.23218402227510188, 0.1970250871457487, 0.1652381826122751, 0.13796997443562717, 0.1156114226155809, 0.09795939843194458, 0.08443881682379391, 0.07431490552440645, 0.06685246693314763, 0.061409578435594844, 0.05747501600540265, 0.05466813631900521, 0.05271967586388438, 0.0514468380143977, 0.05073018725384876, 0.05049538152152892, 0.05070011980223433, 0.05132550597377423, 0.05237073650262063, 0.053850144827149136, 0.05579187923949817, 0.05823772744749212, 0.06124377172279956, 0.06488166751579649, 0.06924038125531955, 0.074428213783185, 0.08057486198685451, 0.08783313217469942, 0.09637968856409404, 0.10641389203923661, 0.11815334057393756, 0.13182419567074996, 0.14764383915045737, 0.16579304673974576, 0.18637500691273015, 0.2093596643577577, 0.23451461878820964, 0.2613286852001332, 0.2889412061205722, 0.3160982186357819, 0.3411628730085955, 0.36220774505242187, 0.3772060864321227, 0.3843150895615705, 0.3822099986922722, 0.37039421343638124, 0.3493938594231866, 0.3207603728480145, 0.2868543590571725, 0.250453333545685, 0.2142861228051942, 0.1806196281894787, 0.1509984960100674, 0.1261782649117447, 0.10622699545595977, 0.09072704361542566, 0.07899962938228917, 0.0702939798056718, 0.06391372648107785, 0.059280436083673234, 0.05594976704768279, 0.05359976426230015, 0.052007513339211574, 0.05102451538094547, 0.05055582843781825, 0.05054446133983423, 0.05096066206823039, 0.05179507756411877, 0.05305472622582694, 0.05476093341865729, 0.05694863136681267, 0.059666630108434766, 0.06297860631759873, 0.0669646312113002, 0.07172307607761993, 0.07737269253252972, 0.08405456056946306, 0.09193341441157542, 0.10119757953041619, 0.11205636714783418, 0.12473328233883864, 0.1394528520510922, 0.1564184001150363, 0.1757779356952631, 0.19757589758073688, 0.2216903700275249, 0.2477591563482439, 0.27510407866888437, 0.3026706020961414]
6.59333333333333	0.5502314973310667	[0.3471018182053593, 0.3756722853579863, 0.3984909160667523, 0.4128896073238284, 0.4166172209087009, 0.4083382776212269, 0.38803726873212696, 0.35718123569101184, 0.31854760832985374, 0.275732485997023, 0.23247261879458703, 0.19198421486435233, 0.1565064790848135, 0.12714671075333173, 0.10400643033673586, 0.08648167986731546, 0.07360628801577096, 0.06433753742775528, 0.05773856853006627, 0.053060179698176356, 0.04975088347086585, 0.047428804020884126, 0.04584125564596636, 0.04482681350909555, 0.044285762980407595, 0.044159541315233655, 0.04441753947997689, 0.04504918102028758, 0.04605952458862647, 0.047467157305706796, 0.049303602698933774, 0.05161379323507163, 0.054457364051397505, 0.05791064090765845, 0.062069244376866756, 0.06705122391425297, 0.07300056499761709, 0.08009076238274251, 0.08852789201617284, 0.09855220413588231, 0.11043666100858882, 0.12448003763806985, 0.14099123916013553, 0.1602605456662291, 0.18251298245631195, 0.207839658991609, 0.23610577724149645, 0.26684025145310486, 0.29912219415792174, 0.33149304765368853, 0.36193619168131386, 0.3879712855622052, 0.40689915015677997, 0.41619780764396497, 0.41401388126358396, 0.3996333033482508, 0.3737813395765736, 0.33862355405547023, 0.29742412926142064, 0.253938220679805, 0.2117157766600552, 0.1735235831328273, 0.1410349292535715, 0.11482445997360875, 0.09459781171130185, 0.07952886645035757, 0.06858351151557626, 0.06075593561127733, 0.05519818554526031, 0.05126177640798509, 0.04848478378617853, 0.046555048996571806, 0.04526979280808366, 0.04450155357118228, 0.04417325300489333, 0.04424157828515759, 0.04468667155281798, 0.04550615747200069, 0.04671201387925264, 0.048329295956016295, 0.050396117339975066, 0.05296455461498828, 0.056102299571938984, 0.05989496421800193, 0.06444896350902765, 0.06989486276698079, 0.07639096951595832, 0.08412674861811381, 0.0933253095944014, 0.1042437146950389, 0.11716915364084463, 0.1324081338243614, 0.15026484651472222, 0.17100407239890517, 0.19479394316095747, 0.2216254793109597, 0.251210238027812, 0.28286566269177843, 0.3154099001919386]
6.948888888888885	0.5080782015462917	[0.3625305722626815, 0.39634190274096875, 0.42379676602199606, 0.44146924295937323, 0.4464058759866857, 0.4368246672742886, 0.4126934875901568, 0.3759617231051911, 0.33030187296037106, 0.2803902033121874, 0.23094157275696156, 0.18581362509188373, 0.14745214351923905, 0.11678918329568307, 0.09352136137030444, 0.07658114534069997, 0.06460616772219147, 0.05628196622505073, 0.050523668935683226, 0.04652620614545688, 0.04373651729524451, 0.04179532841669398, 0.040478216669379306, 0.03964886062648217, 0.03922673154200916, 0.03916673154152812, 0.03944721310710355, 0.04006335961573048, 0.0410238482140011, 0.042349527945370155, 0.0440734107362947, 0.046241619829177356, 0.04891514312721372, 0.052172347260108755, 0.056112258749590235, 0.06085861695764345, 0.06656464689690895, 0.07341835855032566, 0.08164791486661892, 0.09152615573220937, 0.1033726496628429, 0.11755059309404695, 0.13445447934952623, 0.15448284080456112, 0.17798896575992912, 0.20520221439600303, 0.23611495164062324, 0.2703371967701974, 0.3069346648929281, 0.3442858822011124, 0.38001626203991407, 0.4110810726184687, 0.4340596756054678, 0.44567631864024576, 0.4434779280020053, 0.4265019384267529, 0.3957070037604122, 0.353968222917646, 0.3055721154831841, 0.2553381658499409, 0.2076481569468754, 0.16569514125930035, 0.13115345719808072, 0.10428560485496398, 0.08434334880171235, 0.07005916821596134, 0.060062010591340156, 0.053138876529752334, 0.0483446790525741, 0.04500665279031226, 0.04267642673562404, 0.041068902314287135, 0.04000862173302327, 0.039390368795284306, 0.039153270304395714, 0.03926505634904981, 0.039713079024966125, 0.04049953800778054, 0.041639267967102093, 0.04315913536733379, 0.04509853688880725, 0.04751076127916367, 0.05046512389378825, 0.05404986277719876, 0.058375806790886844, 0.06358080181421366, 0.06983478357996711, 0.07734519210404991, 0.08636206899577208, 0.09718160654083402, 0.11014603746134097, 0.1256365284783346, 0.1440541979127001, 0.16578279175258281, 0.1911255565565967, 0.22020967980157438, 0.2528561351152935, 0.2884229466481832, 0.32564688065412195]
7.3044444444444405	0.47148946887470955	[0.3758269089618999, 0.41484611978281066, 0.4470089206712145, 0.4680734499222298, 0.4743103698716987, 0.46343755172704904, 0.4354076355342187, 0.3927208874140092, 0.34005567406008347, 0.28326758441582506, 0.2280833976972604, 0.1789492167958861, 0.13840057033857758, 0.10706501598167412, 0.08414172798221017, 0.06806689717407308, 0.057102392270499895, 0.04971161984351488, 0.04471566375848417, 0.04129629179255374, 0.03892542995463214, 0.037279032291647134, 0.036164443073246406, 0.03546927880326504, 0.03512933973898395, 0.03510999996823171, 0.03539604232738899, 0.035986435182939924, 0.03689194261640532, 0.038134419377105384, 0.03974721907549208, 0.0417764678748086, 0.04428313401557272, 0.04734592178844338, 0.051065069917023496, 0.0555671469591651, 0.06101090001630402, 0.0675940975353573, 0.0755610592088192, 0.08521010334362347, 0.09689935227179484, 0.1110480889970729, 0.1281290530618057, 0.1486447388745038, 0.17307829874992872, 0.2018080860305133, 0.2349761972144314, 0.27230860129692036, 0.31290088622571954, 0.3550107507540804, 0.3959319832736059, 0.4320511683164455, 0.459184418635537, 0.47323269511695465, 0.47107472727417654, 0.45146987601018385, 0.415645827354135, 0.36728229521286015, 0.31180067918720056, 0.2551565837228291, 0.20255389085581793, 0.15752171308448956, 0.12160536884527713, 0.09463945700427397, 0.07535837876100052, 0.06204939651099264, 0.05304293109361416, 0.04697324159640984, 0.04284767731782333, 0.040003878715766286, 0.03802608928689468, 0.03666371102996722, 0.03576930451476935, 0.03525761327448377, 0.03508092198077569, 0.03521520708580021, 0.035652784007039445, 0.03639869379310027, 0.037469255741158454, 0.038891965702493876, 0.04070635441110092, 0.04296566031025514, 0.045739303610081654, 0.04911622074193394, 0.05320915054343957, 0.058159954147357217, 0.06414597970980765, 0.07138730983868044, 0.08015438661814146, 0.09077489866209822, 0.10363781212929002, 0.11919090876322974, 0.1379261087647495, 0.1603443831297151, 0.18688986327707058, 0.21784231615428992, 0.2531610034056965, 0.2922844111605376, 0.3339121738732722]
7.659999999999996	0.4394918569469345	[0.38736014420213316, 0.431542346303105, 0.4684682836552459, 0.4930279456451029, 0.5006461954892698, 0.4884889207256772, 0.45649613224036295, 0.407787945913033, 0.3481559916800421, 0.2847236018766869, 0.22424607356668727, 0.17168870195000394, 0.1295546455583424, 0.098048751326187, 0.07580373294619745, 0.060752359154003975, 0.05081864621966542, 0.044298551222340256, 0.039967778933550496, 0.0370272540809873, 0.03498993170450635, 0.03357173240079291, 0.032610610300467295, 0.032014872968122804, 0.03173330965874259, 0.031739073022373894, 0.0320214211283628, 0.03258173762160993, 0.033431891697768744, 0.034593977634128886, 0.03610100351481326, 0.037998376681235874, 0.04034618378466224, 0.04322235212628836, 0.04672683526916822, 0.05098699561028437, 0.056164347491362926, 0.06246274408391409, 0.07013787966334377, 0.07950753747135697, 0.09096119536014176, 0.10496621409562897, 0.12206567607236639, 0.1428599226103746, 0.16796022112263825, 0.19789982884315818, 0.23298738785746753, 0.2730941518285073, 0.31738518398995225, 0.36403906943275854, 0.41004772154418373, 0.4512308901480685, 0.48260623900168786, 0.499186784531812, 0.49711710288874517, 0.47485026035702027, 0.4339196554468991, 0.3789037256960085, 0.31646449943284244, 0.2537509862758222, 0.19676142502738198, 0.14925886094580035, 0.11253228503680408, 0.08589095104199307, 0.06751440197899876, 0.05526336609564822, 0.04721952270914418, 0.04191816627869886, 0.03836009849318589, 0.03591710067901921, 0.03421569607196054, 0.03304098125522769, 0.03227097908479799, 0.03183694429333112, 0.03170126290510889, 0.03184584414819288, 0.032266328912084544, 0.032969447735473695, 0.03397214961039337, 0.035301848431818064, 0.03699751775938069, 0.039111567318024, 0.041712548739447415, 0.0448888086291425, 0.048753250463924785, 0.05344937979342766, 0.05915876804518844, 0.06610993388655995, 0.07458832974545683, 0.08494651292047843, 0.09761250417616447, 0.11309258680876148, 0.13196220786797644, 0.15483525491781236, 0.18229838957027764, 0.2147949701137021, 0.2524456034356867, 0.29480432245631855, 0.34057571565681666]
8.01555555555555	0.41131606723897784	[0.3974029052455365, 0.4466918624278099, 0.48842069093419255, 0.5165646020724896, 0.525636351909845, 0.5121997833903751, 0.4761859344572118, 0.4214037156640431, 0.3548614189883621, 0.28502772602406695, 0.21968725347712306, 0.16424234505464733, 0.12104078274785537, 0.08976044022800347, 0.06842120352465794, 0.054465922759445604, 0.04552932541150521, 0.03979391872774738, 0.036030674937926034, 0.03348204458839581, 0.03170992858071591, 0.030469957839402297, 0.02962728425525374, 0.029107142949199905, 0.028868287008308683, 0.028889528797818753, 0.02916320929749094, 0.029692223219229742, 0.030488933036629407, 0.03157521314609238, 0.03298331910487941, 0.03475750489458684, 0.036956437153797476, 0.03965653825085612, 0.04295645392212757, 0.0469828899191182, 0.051898083395387054, 0.0579091361015251, 0.06527927459936136, 0.07434070743563251, 0.08550794434131366, 0.0992889745135091, 0.11628926146414806, 0.13719984664678203, 0.16275604397153395, 0.19364821289529202, 0.2303635686973445, 0.27294302596389325, 0.32065700814103165, 0.371645696346522, 0.4226313328382642, 0.46887392512859827, 0.5045635265036653, 0.5237652446385482, 0.5218261243431813, 0.4968660350668158, 0.45076149737998716, 0.38908223489294896, 0.3198294093508772, 0.251388765112563, 0.19050958010929056, 0.1410789254592391, 0.10400891855433576, 0.07800554862190442, 0.06067897939579701, 0.04949834736097373, 0.042351113238557024, 0.037722350559490594, 0.03463772700309364, 0.03251755095096292, 0.031033700194422593, 0.030004644693055582, 0.029330057573792673, 0.028954248910496885, 0.028847144599872348, 0.028994861202697834, 0.029395244894731828, 0.030055978441892253, 0.030994119424129128, 0.03223657738742124, 0.03382135737713398, 0.03579956377707237, 0.03823825816557687, 0.04122433674339093, 0.04486964968419595, 0.049317622389618385, 0.05475163560947335, 0.06140533153099062, 0.06957475184318938, 0.07963164051613517, 0.09203614392005582, 0.10734522636287791, 0.12621008681269635, 0.14935157611561053, 0.17749750724908925, 0.21126151782561076, 0.25094359451985426, 0.2962438675526009, 0.34591144581082045]
8.371111111111107	0.3863484659007409	[0.4061657669539576, 0.46049501570266604, 0.5070523240277983, 0.5388567691738401, 0.5494462981869248, 0.5347344955926261, 0.49464800831248273, 0.43375304503718953, 0.360373461315151, 0.28439014649881733, 0.2146035446635992, 0.1567611819020333, 0.11293512800858582, 0.08218763714086247, 0.06190019420067368, 0.04905502819310416, 0.041051312190796045, 0.03600776791365784, 0.032722453060696974, 0.030493204874147063, 0.028933035518045526, 0.02783422296974814, 0.027084932968895897, 0.026623810363314307, 0.026417118283452015, 0.026447769332829593, 0.026710234621612323, 0.02720833568090046, 0.027954551679021316, 0.02897026578273553, 0.03028674592021851, 0.031946838733589306, 0.034007462906474495, 0.03654306852623925, 0.03965030197630771, 0.043454184109516, 0.04811616219021589, 0.05384440272604713, 0.06090658954493654, 0.06964516207041549, 0.08049417308786559, 0.09399545412869233, 0.11080913170292914, 0.13170930216421545, 0.15754968471544212, 0.18917709112500475, 0.2272653498873538, 0.2720449571015683, 0.32292388605529965, 0.3780431340824283, 0.43388912672765423, 0.48517367492820795, 0.5252356059164168, 0.5471367157264387, 0.54536577789985, 0.5176838695300144, 0.46634849757153907, 0.39801117741499653, 0.32210314024136566, 0.24827693007075272, 0.18397635339488932, 0.13309843022723147, 0.09606752662217741, 0.07092796320869249, 0.05472540887502855, 0.044583093404635434, 0.03824871358486421, 0.03419858732507132, 0.03150552092044141, 0.029645464807660817, 0.028334520946403003, 0.027420559201127948, 0.02682093880748785, 0.026490039986695843, 0.026403356928015258, 0.026549991937293793, 0.026929252705486392, 0.02754930964979195, 0.02842701514774637, 0.029588528546390387, 0.031070648452076174, 0.032922890259991205, 0.03521043703557974, 0.03801816727790263, 0.04145603408495288, 0.045666133116015833, 0.05083183190028242, 0.05718929566151235, 0.06504154782514648, 0.07477469213995261, 0.08687484605238949, 0.10194232418694335, 0.1206962183155342, 0.14395739133714608, 0.17259122775555116, 0.20738486766810438, 0.24883136877895798, 0.2968032533784543, 0.3501309557118366]
8.726666666666663	0.36409513186177467	[0.4138168881093964, 0.47311102457469806, 0.52450953780271, 0.560039005763641, 0.5722034698835979, 0.5562199502321713, 0.5120160948792358, 0.44498309392113256, 0.3648543594076236, 0.2829792986835584, 0.2091479430272549, 0.1493542810718043, 0.10527980384958291, 0.07529878671574264, 0.05614708245597157, 0.04438690425265146, 0.03723660124321594, 0.0327943968061978, 0.029908774346658226, 0.02794009111459553, 0.026550896124630085, 0.025565747866016227, 0.024891692526106426, 0.024477810218892164, 0.024295997985262826, 0.024332160206936265, 0.02458225705609778, 0.025050661412061755, 0.0257497388589358, 0.026700225328659708, 0.027932273020426467, 0.029487183101780626, 0.031419938086692814, 0.03380272724948021, 0.03672974066516042, 0.04032359471965127, 0.04474383572923233, 0.05019802159791371, 0.056955843595861075, 0.06536650158946186, 0.0758788698632775, 0.0890625294398174, 0.10562497181706085, 0.12641556636060428, 0.15239977506987978, 0.18457804578842177, 0.22381554733645945, 0.27054829330363067, 0.3243503867272348, 0.38340101114386516, 0.44398560685348737, 0.5002830873057862, 0.5447625310899802, 0.5694314587541518, 0.5678623334296078, 0.5374331476672567, 0.48082046191009775, 0.40584558214681055, 0.3234529689932133, 0.24457957120568138, 0.17729631396931742, 0.12539500308919163, 0.08871301113302055, 0.06459320835219136, 0.04953733618552367, 0.04037451426073712, 0.034763816519006334, 0.031206211663822276, 0.028836000018867543, 0.02718664400078422, 0.026014945522757165, 0.02519370578481233, 0.024654384728320874, 0.024359042986877754, 0.02428729357808189, 0.02443038125388768, 0.024788586326940774, 0.025370275247752334, 0.026191908911052973, 0.02727875938720132, 0.028666290394610366, 0.03040227062998241, 0.03254977348495328, 0.03519129695568057, 0.03843432254494738, 0.042418719454639146, 0.047326473926790485, 0.05339424184748789, 0.060929099432229475, 0.07032743920343651, 0.08209594482509733, 0.09687153769025643, 0.11543352486053814, 0.13869529146418183, 0.16765464152329682, 0.20327267621491665, 0.24624547103469652, 0.29664027539312154, 0.35340275100958624]
9.082222222222219	0.3441550257637327	[0.42049398478352645, 0.484669949241843, 0.5409107769211737, 0.580218902462453, 0.5940089646655772, 0.5767570782148617, 0.5283979871054859, 0.4552143817634856, 0.3684379872782381, 0.28093280241405677, 0.2034410131878638, 0.14210006211743662, 0.09809357627558696, 0.06905168213138681, 0.05107297230845542, 0.04034761987150398, 0.03396587653807151, 0.03004150912125265, 0.027489268692112937, 0.025734181022717125, 0.02448456728474015, 0.023592547059541575, 0.022980358482287987, 0.02260514049201876, 0.02244303669664989, 0.02248216783668999, 0.022719552661969164, 0.023159873115339263, 0.023815241652625493, 0.02470566245193834, 0.02586011153930918, 0.02731828193857075, 0.029133125759506464, 0.03137440702020314, 0.03413357032207587, 0.03753033554398878, 0.04172154223818226, 0.0469128670665125, 0.053374067699271555, 0.06145824889521681, 0.07162507415280431, 0.08446646216641927, 0.10073048753728477, 0.12133411827839785, 0.14734728517806314, 0.17991963326635732, 0.22010966150932706, 0.26857129453836764, 0.32506987051662417, 0.38785802230373095, 0.4530554517128088, 0.5143266047304906, 0.563256959712919, 0.5907531154891438, 0.5894159434875872, 0.5562173605638462, 0.4942910169351798, 0.41271310812101175, 0.3240166070505811, 0.24042890251535437, 0.17057190010575235, 0.11801851973747758, 0.08193271185686168, 0.058933245238444586, 0.045010579507597535, 0.036753925075114324, 0.03177957459384664, 0.028638660479396623, 0.026534921614329243, 0.025057690858712563, 0.02399981844120383, 0.02325472322311142, 0.022764955127905072, 0.022498424184224423, 0.02243782217190577, 0.02257595900061308, 0.022913765421441294, 0.023459620697433257, 0.024229486762327137, 0.025247679292645955, 0.02654826888718463, 0.028177203197065466, 0.030195322258224112, 0.032682524852108416, 0.035743441873528715, 0.03951508342696502, 0.044177037327128965, 0.0499648715541456, 0.057187349672158015, 0.06624774064248809, 0.07766858908258875, 0.09211730314570302, 0.11042607520353091, 0.13359311141834554, 0.16274239594062878, 0.1990072620711733, 0.24329353739074033, 0.29588188110355973, 0.35586412201998285]
