0 0.0025 1 1.2 0.343012
1 0.005 1 1.2 0.343012
2 0.0075 1 1.2 0.343011
3 0.01 1 1.2 0.343011
4 0.0125 1 1.2 0.34301
5 0.015 1 1.2 0.34301
6 0.0175 1 1.2 0.343009
7 0.02 1 1.2 0.343009
8 0.0225 1 1.2 0.343008
9 0.025 1 1.2 0.343008
10 0.0275 1 1.2 0.343008
11 0.03 1 1.2 0.343007
12 0.0325 1 1.2 0.343007
13 0.035 1 1.2 0.343006
14 0.0375 1 1.2 0.343006
15 0.04 1 1.2 0.343005
16 0.0425 1 1.2 0.343005
17 0.045 1 1.2 0.343005
18 0.0475 1 1.2 0.343005
19 0.05 1 1.2 0.343004
20 0.0525 1 1.2 0.343004
21 0.055 1 1.2 0.343004
22 0.0575 1 1.2 0.343004
23 0.06 1 1.2 0.343004
24 0.0625 1 1.2 0.343004
25 0.065 1 1.2 0.343004
26 0.0675 1 1.2 0.343004
27 0.07 1 1.2 0.343004
28 0.0725 1 1.2 0.343005
29 0.075 1 1.2 0.343005
30 0.0775 1 1.2 0.343005
31 0.08 1 1.2 0.343006
32 0.0825 1 1.2 0.343006
33 0.085 1 1.2 0.343007
34 0.0875 1 1.19999 0.343008
35 0.09 1 1.19999 0.343009
36 0.0925 1 1.19999 0.343009
37 0.095 1 1.19999 0.34301
38 0.0975 1 1.19999 0.343012
39 0.1 1 1.19999 0.343013
40 0.1025 1 1.19999 0.343014
41 0.105 1 1.19999 0.343016
42 0.1075 1 1.19999 0.343017
43 0.11 1 1.19999 0.343019
44 0.1125 1 1.19999 0.343021
45 0.115 1 1.19999 0.343023
46 0.1175 1 1.19999 0.343025
47 0.12 1 1.19999 0.343027
48 0.1225 1 1.19999 0.343029
49 0.125 1 1.19998 0.343032
50 0.1275 1 1.19998 0.343034
51 0.13 1 1.19998 0.343037
52 0.1325 1 1.19998 0.34304
53 0.135 1 1.19998 0.343043
54 0.1375 1 1.19998 0.343046
55 0.14 1 1.19998 0.343049
56 0.1425 1 1.19998 0.343053
57 0.145 1 1.19998 0.343056
58 0.1475 1 1.19997 0.34306
59 0.15 1 1.19997 0.343064
60 0.1525 1 1.19997 0.343068
61 0.155 1 1.19997 0.343073
62 0.1575 1 1.19997 0.343077
63 0.16 1 1.19997 0.343082
64 0.1625 1 1.19997 0.343087
65 0.165 1 1.19996 0.343092
66 0.1675 1 1.19996 0.343097
67 0.17 1 1.19996 0.343103
68 0.1725 1 1.19996 0.343108
69 0.175 1 1.19996 0.343114
70 0.1775 1 1.19996 0.34312
71 0.18 1 1.19995 0.343126
72 0.1825 1 1.19995 0.343133
73 0.185 1 1.19995 0.34314
74 0.1875 1 1.19995 0.343146
75 0.19 1 1.19995 0.343154
76 0.1925 1 1.19994 0.343161
77 0.195 1 1.19994 0.343169
78 0.1975 1 1.19994 0.343176
79 0.2 1 1.19994 0.343184
80 0.2025 1 1.19993 0.343193
81 0.205 1 1.19993 0.343201
82 0.2075 1 1.19993 0.34321
83 0.21 1 1.19993 0.343219
84 0.2125 1 1.19992 0.343228
85 0.215 1 1.19992 0.343237
86 0.2175 1 1.19992 0.343247
87 0.22 1 1.19992 0.343257
88 0.2225 1 1.19991 0.343267
89 0.225 1 1.19991 0.343278
90 0.2275 1 1.19991 0.343289
91 0.23 1 1.1999 0.3433
92 0.2325 1 1.1999 0.343311
93 0.235 1 1.1999 0.343323
94 0.2375 1 1.19989 0.343334
95 0.24 1 1.19989 0.343347
96 0.2425 1 1.19989 0.343359
97 0.245 1 1.19988 0.343372
98 0.2475 1 1.19988 0.343385
99 0.25 1 1.19988 0.343398
100 0.2525 1 1.19987 0.343412
101 0.255 1 1.19987 0.343425
102 0.2575 1 1.19987 0.34344
103 0.26 1 1.19986 0.343454
104 0.2625 1 1.19986 0.343469
105 0.265 1 1.19985 0.343484
106 0.2675 1 1.19985 0.343499
107 0.27 1 1.19984 0.343515
108 0.2725 1 1.19984 0.343531
109 0.275 1 1.19984 0.343548
110 0.2775 1 1.19983 0.343564
111 0.28 1 1.19983 0.343581
112 0.2825 1 1.19982 0.343599
113 0.285 1 1.19982 0.343616
114 0.2875 1 1.19981 0.343634
115 0.29 1 1.19981 0.343653
116 0.2925 1 1.1998 0.343671
117 0.295 1 1.1998 0.34369
118 0.2975 1 1.19979 0.34371
119 0.3 1 1.19979 0.343729
120 0.3025 1 1.19978 0.34375
121 0.305 1 1.19978 0.34377
122 0.3075 1 1.19977 0.343791
123 0.31 1 1.19977 0.343812
124 0.3125 1 1.19976 0.343833
125 0.315 1 1.19976 0.343855
126 0.3175 1 1.19975 0.343878
127 0.32 1 1.19974 0.3439
128 0.3225 1 1.19974 0.343923
129 0.325 1 1.19973 0.343947
130 0.3275 1 1.19973 0.34397
131 0.33 1 1.19972 0.343994
132 0.3325 1 1.19971 0.344019
