I_value	Tstar	ystar
1.4300000000000004	3.8969661686147443	[1.2332590365374057e-18, 2.3608557755915275e-18, 3.512033968009691e-18, 4.687544979829047e-18, 5.888172609652137e-18, 7.114734880337772e-18, 8.368085908298702e-18, 9.649117959146186e-18, 1.0958763599849609e-17, 1.2297998027211552e-17, 1.3667841618057042e-17, 1.5069363082866167e-17, 1.6503685681138167e-17, 1.7972012465976923e-17, 1.9475772201828985e-17, 2.101751783081261e-17, 2.2606411170868667e-17, 2.4290991160207815e-17, 2.6350349093424396e-17, 3.038282950783578e-17, 4.535722829620799e-17, 1.204383423439278e-16, 5.187700871808483e-16, 2.615352953567012e-15, 1.3424257615930372e-14, 6.787485803221786e-14, 3.357774461951006e-13, 1.6230522485924194e-12, 7.66375586996801e-12, 3.534832938402848e-11, 1.5926810705717145e-10, 7.010452835190523e-10, 3.014763294281955e-09, 1.2667518621458423e-08, 5.2013103253116646e-08, 2.0872821395707591e-07, 8.187971144970932e-07, 3.1404819811292547e-06, 1.1780443667103145e-05, 4.323343280682233e-05, 0.0001552923219599155, 0.000546222244160905, 0.001882507872953813, 0.006361396154072498, 0.0210930406324458, 0.06866976647578477, 0.21947534564800442, 0.6867826387947762, 2.080991157271297, 5.892222709025259, 14.119582412368795, 23.204025611390634, 21.295188604523183, 12.568625499549015, 6.846522046797468, 4.4489593185211795, 3.705049156198537, 3.7240548417936896, 4.12744359633268, 4.70012243908103, 5.239363632669263, 5.540220274462212, 5.470552792373662, 5.04377370100667, 4.396724202904659, 3.693375789976499, 3.04848934693182, 2.5121319021206556, 2.0899541194963187, 1.7671856147017149, 1.523850033083438, 1.3416547496302988, 1.2061189795401865, 1.1066485247158566, 1.0359711743545967, 0.9895243328471813, 0.9649862364204888, 0.9619713425687708, 0.9818355588777146, 1.0274878661142177, 1.103050570718968, 1.2131473716119499, 1.3615569313322604, 1.549031763211176, 1.7703852304450298, 2.0116095077501805, 2.2486679125529174, 2.4500202987174333, 2.583808052266957, 2.6276685890798555, 2.5763183234341644, 2.442475845577049, 2.250866175955121, 2.0292912256606415, 1.8014263160276842, 1.5835165334097596, 1.3844387628647017, 1.2074785450385381, 1.052424324733231, 0.917270036599421, 0.799351200324272, 0.6959968455449037, 0.6048466366543683, 0.5239647237067024, 0.4518424073752905, 0.38734671364728146, 0.32964763795131574, 0.2781418271898989, 0.23238187037729777, 0.19201563793764137, 0.1567375442449538, 0.12625218650083408, 0.1002499637227192, 0.07839370013872798, 0.06031484365530929, 0.04561743444702919, 0.033887752650676096, 0.02470740032027551, 0.017667598042751753, 0.012382706832548756, 0.008501408518044647, 0.005714537314185107, 0.0037591640216163708, 0.0024190947176540765, 0.001522375745279134, 0.0009366489650906344, 0.0005632705289986942, 0.0003310243589941441, 0.00019008149804461842, 0.00010663663031988849, 5.844199171977807e-05, 3.128811234227029e-05, 1.6363625870210952e-05, 8.361436502923423e-06, 4.175674365066727e-06, 2.0395849127145513e-06, 9.759773444775716e-07, 4.591660223332774e-07, 2.1401959374997347e-07, 1.0040663953804531e-07, 4.885402971978751e-08, 2.582855393479976e-08, 1.5569675858686475e-08, 1.0865331298694765e-08, 8.506061249811764e-09, 7.1120487821755905e-09, 6.1317535653865445e-09, 5.41517596622758e-09, 5.112977489996934e-09, 6.075068989559246e-09, 1.3708263273387155e-08, 7.27646898602336e-08, 2.8740836298408287e-07, 3.8759998278503653e-07, 2.544692717221358e-07, 1.2064643895278658e-07, 5.029465390868697e-08, 2.0219885179141167e-08, 8.243843068146708e-09, 3.507687773376363e-09, 1.5685913578963074e-09, 7.227978281070363e-10, 3.288279653278851e-10, 1.4075710719274001e-10, 5.4794906058720357e-11, 1.9152717819988876e-11, 6.0328814916389506e-12, 1.7326351383984948e-12, 4.599155490226539e-13, 1.1425338960005472e-13, 2.6855113068412067e-14, 6.041554665121257e-15, 1.3297458406723526e-15, 3.075997048067319e-16, 9.283180926213377e-17, 4.7828080678969813e-17, 3.734379441300273e-17, 3.3731341229024614e-17, 3.1518004092730667e-17, 2.964877564349422e-17, 2.792317898426959e-17, 2.6301381369162106e-17, 2.4771123470038196e-17, 2.3320676327674087e-17, 2.1931295403055353e-17, 2.057417837391014e-17, 1.9211166428043643e-17, 1.7801111397681043e-17, 1.6312142986054967e-17, 1.473518975929071e-17, 1.309005371749776e-17, 1.1418277466704014e-17, 9.76665455434214e-18, 8.17190050742759e-18, 6.6539824303697534e-18, 5.2178497972111774e-18, 3.858950897108901e-18, 2.568529496882756e-18, 1.3370900812111745e-18]
1.4300000000000004	3.905417624961391	[4.753113903444817e-19, 9.098987081417564e-19, 1.3535747585626147e-18, 1.8066297177042254e-18, 2.2693637373945555e-18, 2.742094022493694e-18, 3.2251266646295852e-18, 3.718872080854999e-18, 4.2236233599608294e-18, 4.739778485687486e-18, 5.26773081685626e-18, 5.807892905568958e-18, 6.3607021516042665e-18, 6.9266519763625686e-18, 7.506485808107559e-18, 8.102407064600674e-18, 8.725479281759597e-18, 9.439835983562087e-18, 1.062050958927307e-17, 1.442105835833697e-17, 3.292718012715035e-17, 1.3236677660347098e-16, 6.670566793031247e-16, 3.487570426126116e-15, 1.8029699255587838e-14, 9.126177678410389e-14, 4.5142135136578695e-13, 2.1812568678196443e-12, 1.029534029017834e-11, 4.7467146550653525e-11, 2.137884222753724e-10, 9.406787376232726e-10, 4.043893531356146e-09, 1.6986487300745504e-08, 6.972814998808687e-08, 2.7975762044063216e-07, 1.097260045739462e-06, 4.208188644194717e-06, 1.578579561664965e-05, 5.794009908043582e-05, 0.00020817222049754694, 0.0007325296764852715, 0.002526139310089469, 0.008543365165806956, 0.028357085089627077, 0.09242315044557245, 0.29563862274270997, 0.9242975395292912, 2.7811524986910343, 7.674756471400086, 17.088092531495803, 24.168920929405363, 18.886942358408838, 10.44941151999524, 5.853287485078142, 4.080730311662326, 3.625161672123628, 3.7895577429111706, 4.269680308777238, 4.863039874504509, 5.361027570414577, 5.5668119797487385, 5.38423304010333, 4.870997532181264, 4.185756859706363, 3.485786253464685, 2.867020844210387, 2.363517668106567, 1.9721448414760376, 1.6749144820759774, 1.4515396987514833, 1.284533324157108, 1.1604586244758743, 1.0696703816244726, 1.0056703111245386, 0.9645135333948449, 0.9443891755371439, 0.9453693629738066, 0.9692620161598804, 1.019456191465777, 1.1005889957814456, 1.2177902306172925, 1.3752111666606135, 1.5736137277035345, 1.8071481916171623, 2.0602167241105906, 2.3063308428897678, 2.5112824251481127, 2.641487542607128, 2.6748505149761903, 2.608460399874764, 2.4584793335951094, 2.2526829540862514, 2.020592582241626, 1.786204297528155, 1.5651709392925028, 1.3654286331322356, 1.1893542223251823, 1.0360256941632242, 0.9029498944394582, 0.7871605854890195, 0.6858175772489923, 0.5964776549517091, 0.5171745231275158, 0.44639885718079764, 0.38303269620299296, 0.3262681939946423, 0.2755264304421, 0.23038405556721958, 0.19051131050250422, 0.15562274123708647, 0.12544071369661727, 0.09967112344979648, 0.07799019887656725, 0.060040898419111165, 0.0454370636345841, 0.03377322740911431, 0.024637836616876876, 0.017627679618817185, 0.012361539192529128, 0.008491510353817112, 0.005710976814001189, 0.003758843818965307, 0.002420182535491244, 0.0015238703026701523, 0.0009380643985488443, 0.0005644186752777735, 0.00033187312026340915, 0.00019066881322065302, 0.00010702253444782046, 5.8684979296135086e-05, 3.14357813823404e-05, 1.6450867310770105e-05, 8.412009943897433e-06, 4.204845590347137e-06, 2.056690936199324e-06, 9.864837033171364e-07, 4.6614406992779797e-07, 2.1912799230754718e-07, 1.0450485345644524e-07, 5.236668560325006e-08, 2.895246970813838e-08, 1.8387146772506047e-08, 1.340457082736587e-08, 1.0773992025807317e-08, 9.11541911631855e-09, 7.899578032937195e-09, 7.04301720306729e-09, 6.905044892100836e-09, 9.327295360678522e-09, 2.796230082040729e-08, 1.6604510580602693e-07, 4.985630304761122e-07, 5.251552140352957e-07, 3.064089889990372e-07, 1.3880563170375191e-07, 5.718797540338495e-08, 2.3133709044192422e-08, 9.597229769632092e-09, 4.179676523600243e-09, 1.9106092013848158e-09, 8.914745884012398e-10, 4.048569855189331e-10, 1.70804603957455e-10, 6.506849967790153e-11, 2.2223878319919632e-11, 6.853828187986793e-12, 1.9336261413790525e-12, 5.058930268214079e-13, 1.2421475929124183e-13, 2.890593618996636e-14, 6.4310991943453954e-15, 1.3838884156055998e-15, 2.9710746469738337e-16, 7.118687452609934e-17, 2.5239460031212086e-17, 1.565688743925931e-17, 1.3222845417050178e-17, 1.2181574652993084e-17, 1.1430864341915653e-17, 1.0764458843870332e-17, 1.0143839736905941e-17, 9.560285018179566e-18, 9.008462660341723e-18, 8.480528414044289e-18, 7.964342295281337e-18, 7.443731516948361e-18, 6.901363241713236e-18, 6.324220938800259e-18, 5.709441307216564e-18, 5.066546380923831e-18, 4.413771716145127e-18, 3.770680789486873e-18, 3.1518638843207813e-18, 2.5646539837725608e-18, 2.0102998676368777e-18, 1.48644605410838e-18, 9.893033867396754e-19, 5.149760232760308e-19]
1.4300000000000004	3.9116676287325833	[-6.84787729772084e-19, -1.311274086858671e-18, -1.9506651600687363e-18, -2.60357125286832e-18, -3.2704276997114753e-18, -3.95168884456955e-18, -4.6478290886121574e-18, -5.3593440139345035e-18, -6.086751586767945e-18, -6.830593422695282e-18, -7.591436046327564e-18, -8.36987153486286e-18, -9.166513515837899e-18, -9.981962129121022e-18, -1.0816569928526063e-17, -1.1668964787908048e-17, -1.2527000840575937e-17, -1.3313696093310319e-17, -1.3572027552186723e-17, -1.067127437273182e-17, 1.0154642839951498e-17, 1.2980294760679317e-16, 7.809380102253945e-16, 4.222614939733174e-15, 2.196972351409161e-14, 1.1132151800201821e-13, 5.506307338280663e-13, 2.659987589838748e-12, 1.2551367427006333e-11, 5.785234124408828e-11, 2.6049174572920967e-10, 1.145881550991493e-09, 4.924875525971974e-09, 2.0682685887371905e-08, 8.488531127349709e-08, 3.4052086063255375e-07, 1.3354538391940393e-06, 5.1214944735007665e-06, 1.9212341483435535e-05, 7.052481216143075e-05, 0.0002534419160570141, 0.0008921264190011889, 0.003077976380131103, 0.010416257146801366, 0.034600582067558706, 0.11286680074941174, 0.36122367987859344, 1.1282111774131578, 3.3732693778341982, 9.103513612265441, 19.07635679677492, 24.146908073806003, 17.119336656658717, 9.22529970564026, 5.321997024185736, 3.8976272022606526, 3.603356051955515, 3.8511515417942634, 4.373053937183861, 4.9694427268971815, 5.428171752185059, 5.5627581894091085, 5.3053076690688235, 4.74156986589607, 4.039420451045683, 3.347826265941919, 2.7494789358048455, 2.268713542029762, 1.897631134726084, 1.616798251600474, 1.406060097877969, 1.248594075836986, 1.1316882792378897, 1.0463211046382956, 0.9864910316836766, 0.9486466486545722, 0.9313039777754144, 0.9348323465611531, 0.9613392371142534, 1.0145380506308623, 1.0994184173816828, 1.2214583047616732, 1.385061211324243, 1.5909775567609847, 1.8328583985993159, 2.0939414555765334, 2.34597606502042, 2.5528924841040714, 2.6799986630217965, 2.7055625937656487, 2.628497268906486, 2.4674249340112664, 2.2521712490552055, 2.013305415094352, 1.7749061661460368, 1.5521290072513718, 1.352227904092989, 1.1769573340021426, 1.0249268036507098, 0.8933320086764907, 0.7790199860934159, 0.6790498775552765, 0.590932319725687, 0.5126870956598991, 0.44280872878522354, 0.3801920211616855, 0.3240456204186292, 0.2738079311502548, 0.22907223429463677, 0.1895239901560359, 0.15489129269082383, 0.12490837190609204, 0.09929140977364932, 0.07772549312232967, 0.05986116281165345, 0.04531870214492759, 0.03369805968978827, 0.024592169991741162, 0.017601470220051197, 0.012347640692315582, 0.008485013447297655, 0.005708643749201664, 0.0037586401627405204, 0.0024209041739527734, 0.0015248588761952273, 0.0009390002760003576, 0.0005651780134276715, 0.0003324347961619553, 0.00019105784476193817, 0.0001072785201125686, 5.884651968748365e-05, 3.153430210574264e-05, 1.6509415514534605e-05, 8.446286937927786e-06, 4.224943288753572e-06, 2.0687831614366868e-06, 9.94184072265126e-07, 4.7148187851162036e-07, 2.2319708394396072e-07, 1.0786952742388152e-07, 5.530300513946464e-08, 3.1585582859547106e-08, 2.0766680139341675e-08, 1.5545262727835227e-08, 1.267855718731043e-08, 1.0791050521491782e-08, 9.378974500672383e-09, 8.43167893767409e-09, 8.551894920017555e-09, 1.2908537604986213e-08, 4.740357488947391e-08, 2.8201561313325226e-07, 6.905155858833918e-07, 6.296869649505848e-07, 3.446770008564456e-07, 1.5256532381427807e-07, 6.260457915381612e-08, 2.549364444053576e-08, 1.0718392574628433e-08, 4.744355336954016e-09, 2.198994802425699e-09, 1.0323497047981314e-09, 4.670471994107134e-10, 1.9474563254718606e-10, 7.305094477644679e-11, 2.456345376737219e-11, 7.47111530637426e-12, 2.0837006846521037e-12, 5.40130380393579e-13, 1.3162181392339576e-13, 3.041717796757029e-14, 6.7014553027226594e-15, 1.4036164722186813e-15, 2.6924637562251445e-16, 3.5987566229467523e-17, -9.62605783910288e-18, -1.7528199406571504e-17, -1.812404168660333e-17, -1.7382686378597324e-17, -1.6441095431807048e-17, -1.5509442647300367e-17, -1.4624680505497513e-17, -1.3790820680604375e-17, -1.3002956528610258e-17, -1.2249753520128286e-17, -1.1512724396744948e-17, -1.0767039709657085e-17, -9.986205300581782e-18, -9.150775876720289e-18, -8.25740468670998e-18, -7.321865828852856e-18, -6.372724691633844e-18, -5.439636469240551e-18, -4.543945309362376e-18, -3.695762098406879e-18, -2.8961896841620545e-18, -2.141235415886419e-18, -1.4250437785284695e-18, -7.417843210872115e-19]
1.4433333333333338	3.9247432065450267	[3.0056742760508686e-19, 5.753799315607958e-19, 8.559402002028319e-19, 1.1433579588093627e-18, 1.4350499053988384e-18, 1.7339844275808448e-18, 2.0394478358454884e-18, 2.3516575906810717e-18, 2.6708409790850357e-18, 2.9972357043275644e-18, 3.3310906698190766e-18, 3.672667867587834e-18, 4.022251434715833e-18, 4.380203384960784e-18, 4.747317339439451e-18, 5.1270305879866845e-18, 5.53894778422867e-18, 6.099563412425503e-18, 7.49257443280456e-18, 1.3643382934955476e-17, 4.656301514732085e-17, 2.2675468060257143e-16, 1.1982847350443264e-15, 6.3218384033246934e-15, 3.271675792536059e-14, 1.6551802629216278e-13, 8.180523759985369e-13, 3.949388728753761e-12, 1.862493761237409e-11, 8.580121874113205e-11, 3.861455139851251e-10, 1.6978527523227487e-09, 7.294266976786965e-09, 3.062296718945197e-08, 1.256494808666695e-07, 5.039655881913105e-07, 1.9763554556563655e-06, 7.580058340773453e-06, 2.844259618447735e-05, 0.00010445582089114395, 0.0003756448616235951, 0.0013236111517566163, 0.004572794405928268, 0.015501448442354068, 0.05159837040085303, 0.16867250364607692, 0.540469555719281, 1.682765208160282, 4.942379361242945, 12.55620488143655, 22.578757873546394, 22.551572010854983, 13.623578941981426, 7.235763301903651, 4.517616071498857, 3.650285948933253, 3.6182637693014432, 4.002589955048849, 4.5821476571102, 5.155022265062568, 5.508290781607767, 5.489991012752292, 5.094488546344418, 4.4538747103226495, 3.740239382466089, 3.0790081294170157, 2.5270155294468633, 2.0923974163759826, 1.760448546195023, 1.5103856884166744, 1.3229939504368136, 1.1829985789149113, 1.079159376088793, 1.0036569618355868, 0.9514266618308462, 0.9196562875997681, 0.9074834550379777, 0.915856951174524, 0.9474860414347859, 1.006752212302083, 1.0993817772585348, 1.2315797699262925, 1.4082554811381731, 1.6300610831861007, 1.8894440258040897, 2.1669624102746807, 2.4304356514387395, 2.6398342362236535, 2.758423749796572, 2.7658078258066197, 2.665290532361052, 2.4808876607124852, 2.2465505229740503, 1.9946497133702485, 1.7490579098847368, 1.523653209975559, 1.3241741334303372, 1.1510816648901976, 1.002056504069311, 0.8737025628292066, 0.7625271563869505, 0.6654169997568032, 0.5798125162277589, 0.5037214761167107, 0.43565701835118575, 0.3745468154893288, 0.31963734978513186, 0.2704048163532197, 0.22647774837472412, 0.1875732646859963, 0.15344726368283673, 0.1238580760525526, 0.09854261299490029, 0.07720370070298094, 0.05950698964521473, 0.045085551895805286, 0.03355005850652962, 0.024502312376774676, 0.017549952496944254, 0.012320374129166822, 0.008472320006449334, 0.005704140906807528, 0.0037583179756942816, 0.0024223901082635526, 0.001526856814560928, 0.0009408822352856961, 0.00056670212683916, 0.00033356162057148104, 0.00019183865653753961, 0.0001077930070557886, 5.9172046379123004e-05, 3.173375723876498e-05, 1.6628891221254562e-05, 8.517175430425872e-06, 4.2674181209958165e-06, 2.0951822809173133e-06, 1.0117243344888184e-06, 4.84209902798181e-07, 2.3328677626488528e-07, 1.1643422769422955e-07, 6.287878905388149e-08, 3.840687701684477e-08, 2.69184381059434e-08, 2.1046513207152707e-08, 1.7532585239644913e-08, 1.5028328862918464e-08, 1.312419585228525e-08, 1.2077854894098173e-08, 1.3506004880376297e-08, 2.7405110276942337e-08, 1.4747707131093964e-07, 7.363138334007995e-07, 1.1986586659282515e-06, 8.630977641753645e-07, 4.2861975187963274e-07, 1.8381910643538306e-07, 7.54510222564268e-08, 3.131140010852239e-08, 1.356701736789476e-08, 6.20493885865853e-09, 2.9457006206359503e-09, 1.3908431557764203e-09, 6.204571638711092e-10, 2.51710516838353e-10, 9.142829848491617e-11, 2.9813818139588537e-11, 8.83266752568239e-12, 2.4114510607863217e-12, 6.146546219542709e-13, 1.47843145849291e-13, 3.384396942881427e-14, 7.426212491826637e-15, 1.57481415979449e-15, 3.289679747786372e-16, 7.262169732535787e-17, 2.120355465427162e-17, 1.086132537208953e-17, 8.525948302913645e-18, 7.726272480351518e-18, 7.230822168166832e-18, 6.8110295625168605e-18, 6.425162020819096e-18, 6.064779543443984e-18, 5.725806012219065e-18, 5.402412524342797e-18, 5.08534316649689e-18, 4.762162580121601e-18, 4.419784352814529e-18, 4.049122336179863e-18, 3.649649953297017e-18, 3.2304130122399916e-18, 2.806135905507988e-18, 2.391087187292056e-18, 1.9947662322149863e-18, 1.6210686027160523e-18, 1.2697870890121958e-18, 9.386192256619852e-19, 6.246519927480689e-19, 3.251492999476361e-19]
1.4566666666666672	3.9369994593070534	[-9.199022180464226e-20, -1.7390217836714958e-19, -2.5869871586653853e-19, -3.4528762476136734e-19, -4.33726640352132e-19, -5.240760180789512e-19, -6.163986732298835e-19, -7.107603294862017e-19, -8.072296730723818e-19, -9.05878484642907e-19, -1.0067815487094743e-18, -1.1100149659866318e-18, -1.215643686304184e-18, -1.3236384300781628e-18, -1.4333415563290078e-18, -1.5401212290700711e-18, -1.6149200226792965e-18, -1.4822427201584274e-18, -1.0967684966277361e-19, 8.430036700006247e-18, 5.735723795692209e-17, 3.284421420548207e-16, 1.792662604963451e-15, 9.513639875729061e-15, 4.927102451749011e-14, 2.491968686728186e-13, 1.2310294471363996e-12, 5.9401024474517444e-12, 2.7998743623910346e-11, 1.289213655246284e-10, 5.79937745321605e-10, 2.548846834514582e-09, 1.0946033478330399e-08, 4.593843820722609e-08, 1.884391508799708e-07, 7.55660348512859e-07, 2.963106634834414e-06, 1.1364781164736958e-05, 4.265049903938906e-05, 0.00015668443708420952, 0.0005637604915611449, 0.001987933826333606, 0.006874810670651094, 0.023334739591378655, 0.07778340223334627, 0.2545551437009606, 0.8149889251462599, 2.51719041281551, 7.168376314926612, 16.60961852657593, 24.4499473276359, 19.353309761053847, 10.553216807791406, 5.790453958140532, 3.9849039310504684, 3.5308280283016646, 3.704883346301923, 4.201013919001239, 4.817982393152825, 5.343354414026882, 5.570396062003256, 5.394191562998986, 4.872881537584995, 4.173143829258669, 3.460021407550698, 2.832744684510181, 2.325133082385509, 1.932533840433829, 1.6354902463997396, 1.4126829337041074, 1.2459794116736418, 1.1215351891378724, 1.0294058109620345, 0.9628157703270142, 0.9175157173758717, 0.8913467813801415, 0.8840118715686932, 0.8970073576273103, 0.9336337432348212, 0.9989493658955466, 1.0994411647675855, 1.2420681308645636, 1.432246688608646, 1.6704572536104894, 1.9477398839614806, 2.2416308114710977, 2.515658319662646, 2.7257164395486453, 2.8333937697026297, 2.820404060488216, 2.6951915476741513, 2.487449428114875, 2.235005373990359, 1.9715226752781818, 1.7202094160880206, 1.493401464572632, 1.295238727333615, 1.1249142483853565, 0.9792478837643468, 0.8543230966758018, 0.7463659986089153, 0.6521333104795973, 0.569023743029191, 0.4950511642260857, 0.4287582963673736, 0.36911198644802323, 0.3153999192420477, 0.2671376554955401, 0.22398949494050963, 0.18570412676839648, 0.15206484530505462, 0.12285352412238676, 0.09782719844151617, 0.0767058403676123, 0.059169661190491045, 0.044864034398674826, 0.03340993437333057, 0.024417681913534904, 0.017501832590403617, 0.012295270588101048, 0.008460975066142446, 0.0057004616791488045, 0.0037584890137636285, 0.002424166104119118, 0.0015290227160455613, 0.0009428603871125693, 0.0005682811251267756, 0.0003347200173522712, 0.00019263811666348502, 0.00010831908894631088, 5.950536793832895e-05, 3.193897780267193e-05, 1.675304967338287e-05, 8.592159998977487e-06, 4.313654590986363e-06, 2.1251299008810657e-06, 1.0326511450998546e-06, 5.001761694411789e-07, 2.4646000512266293e-07, 1.2791087484099371e-07, 7.31730771094479e-08, 4.773009067468021e-08, 3.5334512372069196e-08, 2.8560586889751546e-08, 2.4151424545637414e-08, 2.0827757787468295e-08, 1.838303632978433e-08, 1.769748910947639e-08, 2.3284742864302573e-08, 7.025312247384697e-08, 4.7290099524252064e-07, 1.6286164396117344e-06, 1.8372876215217563e-06, 1.1091537246209518e-06, 5.145762339102884e-07, 2.1659120907610697e-07, 8.952675295113081e-08, 3.802541101463978e-08, 1.7019686985438123e-08, 8.036726938784496e-09, 3.890827737476167e-09, 1.8362976320936799e-09, 8.036889899205001e-10, 3.1645739519194725e-10, 1.112863949698246e-10, 3.5226797113335845e-11, 1.0178118621154909e-11, 2.723113695457122e-12, 6.830342590806823e-13, 1.6220873255366133e-13, 3.6748611216847196e-14, 7.986942972510609e-15, 1.67125536598271e-15, 3.363860719513978e-16, 6.385902484261458e-17, 1.002659116422373e-17, -2.11121986195802e-19, -2.0141366326718048e-18, -2.2332506876357546e-18, -2.167203146188426e-18, -2.05620721737246e-18, -1.9437011962877518e-18, -1.8371196670844897e-18, -1.7369281310897257e-18, -1.6414781514643322e-18, -1.5476488329463205e-18, -1.4511699552203843e-18, -1.3476115532379979e-18, -1.234091119708057e-18, -1.1108330458033006e-18, -9.813172985793603e-19, -8.506935817794264e-19, -7.236176367189916e-19, -6.029385918481404e-19, -4.896252154181957e-19, -3.833886015723127e-19, -2.833671538179787e-19, -1.8858380973594522e-19, -9.816520239007077e-20]
1.4700000000000006	3.9518783078934385	[1.0939079165153255e-18, 2.0926405332013018e-18, 3.11303414237839e-18, 4.1549961359853315e-18, 5.219221268007119e-18, 6.3064346185738536e-18, 7.41739327639743e-18, 8.552888136064478e-18, 9.713745825420102e-18, 1.0900830816685842e-17, 1.2115048037852346e-17, 1.3357348085226748e-17, 1.4628748986325773e-17, 1.5930465266225543e-17, 1.726472090762966e-17, 1.8639821507548286e-17, 2.0101119877236114e-17, 2.1915616122908365e-17, 2.564616357955062e-17, 4.025257767006957e-17, 1.1591213540243902e-16, 5.269940632053772e-16, 2.7381808310273632e-15, 1.438294596212874e-14, 7.430046995772299e-14, 3.754161128567689e-13, 1.8533205512222623e-12, 8.937669274129098e-12, 4.210502252622884e-11, 1.937760425566018e-10, 8.712712526475897e-10, 3.8276586642039674e-09, 1.6431944265424305e-08, 6.894171394980095e-08, 2.8274083537426396e-07, 1.1337096928635228e-06, 4.445665062357998e-06, 1.7054276214483116e-05, 6.402682362154763e-05, 0.00023535796720275444, 0.000847581236912969, 0.002992336941475403, 0.010364428017480163, 0.0352463231921862, 0.11773288044743384, 0.3858746926016283, 1.2334405365453573, 3.7611201074296514, 10.21689123966558, 20.762533514110583, 24.07602879974488, 15.616231840410418, 8.140936542900183, 4.786397804928571, 3.6571485039517904, 3.5124280225996665, 3.8466864664512475, 4.420897111040057, 5.035289823515499, 5.46964428274416, 5.542497207096143, 5.211789958106934, 4.593156406559539, 3.8675526015015937, 3.178712431363879, 2.597317429315097, 2.1378239793901113, 1.786849965757952, 1.5227814697339968, 1.3250313083838536, 1.17704367607386, 1.066534658307245, 0.9848425980559199, 0.9261803489302863, 0.8870564607866471, 0.865920641260895, 0.8630138791373848, 0.8803724975428581, 0.9219016888056166, 0.9933711876672525, 1.1020784925117104, 1.2557820902437447, 1.4604017740442485, 1.7161186632308971, 2.0122353639015307, 2.3227319115465463, 2.606295331152018, 2.8145614107728285, 2.907944439095639, 2.8713166871293216, 2.7192524936634377, 2.4875031869215953, 2.217500108702852, 1.943627735613972, 1.6879184851344864, 1.4608665212375587, 1.2649056901817892, 1.0979673046159144, 0.9560626324218364, 0.8348141241902571, 0.7302170632348023, 0.6389356635459512, 0.5583528741952788, 0.48650583813009973, 0.4219778865611061, 0.36378194399247876, 0.3112511089884237, 0.26394278748625427, 0.22155842152947566, 0.18387894885533831, 0.1507153029719074, 0.12187287943552218, 0.09712866445233313, 0.07621952484290809, 0.058839952194210905, 0.04464734329708875, 0.03327271991291731, 0.024334698063163455, 0.017454565292532667, 0.012270548416202889, 0.008449752170653246, 0.005696776898102638, 0.003758603430629702, 0.0024258749934999027, 0.0015311296602995566, 0.0009447940070205075, 0.0005698300834856894, 0.0003358603732527033, 0.00019342844383384705, 0.00010884216401587319, 5.9839644642417755e-05, 3.214757682331251e-05, 1.6881983020268044e-05, 8.67266077646884e-06, 4.365741815463188e-06, 2.1610111703160795e-06, 1.0594341779901866e-06, 5.218118692468878e-07, 2.650337519983532e-07, 1.4445152726031965e-07, 8.81361299119738e-08, 6.127602386223415e-08, 4.748747692837787e-08, 3.930579240582602e-08, 3.351657197022002e-08, 2.9002676604597183e-08, 2.6007018492641752e-08, 2.6955506877411772e-08, 4.562794127854858e-08, 2.1592691450681735e-07, 1.4095651534375943e-06, 3.115153076652618e-06, 2.6240556743935526e-06, 1.3991672853638448e-06, 6.218117812606367e-07, 2.6037516970223934e-07, 1.0937740131248856e-07, 4.7856830221511856e-08, 2.2184781600103315e-08, 1.0782493610161726e-08, 5.279077564457109e-09, 2.4656896806802024e-09, 1.0507986680199106e-09, 4.00134405466978e-10, 1.3615945031392544e-10, 4.18859977550154e-11, 1.1823437461534747e-11, 3.105524005111029e-12, 7.678107265237766e-13, 1.8032330446266113e-13, 4.0524833704941486e-14, 8.780014464989456e-15, 1.8600551375917108e-15, 4.0446828076511566e-16, 1.069798087788602e-16, 4.676557658054749e-17, 3.374324290133353e-17, 2.990710751983396e-17, 2.787594503559407e-17, 2.6254599000975702e-17, 2.478701369469767e-17, 2.342763347497218e-17, 2.216542196817268e-17, 2.0987653565235982e-17, 1.9868703347521597e-17, 1.876511650820497e-17, 1.7618117293642264e-17, 1.6368080739131233e-17, 1.4979288454162872e-17, 1.346079102782575e-17, 1.186516067875584e-17, 1.0263357668778891e-17, 8.714962706679068e-18, 7.253066743315785e-18, 5.886157701712199e-18, 4.607768539953898e-18, 3.4055165931493988e-18, 2.266552668302632e-18, 1.1798877974085835e-18]
1.483333333333334	3.965888365667049	[1.5117064944759893e-18, 2.8938940668846025e-18, 4.3049873553970026e-18, 5.7459073716331875e-18, 7.217614885634448e-18, 8.72111260246298e-18, 1.0257447494963041e-17, 1.1827713284016288e-17, 1.3433053107534542e-17, 1.507466244796737e-17, 1.6753792803335383e-17, 1.847175930505193e-17, 2.022997355184779e-17, 2.2030139969743003e-17, 2.3875493949069367e-17, 2.5778524504193344e-17, 2.780809685741079e-17, 3.0370215241262735e-17, 3.584088788864458e-17, 5.783498933488029e-17, 1.7255781067394752e-16, 7.96470498028148e-16, 4.151580022817008e-15, 2.181207321393857e-14, 1.126365169433073e-13, 5.68842906083428e-13, 2.8068452405162046e-12, 1.3529687124215117e-11, 6.370948012687087e-11, 2.930834039289199e-10, 1.317295545929969e-09, 5.785266808992111e-09, 2.4829376882968162e-08, 1.0415436719167746e-07, 4.271111934369869e-07, 1.7126067309519485e-06, 6.716634550533353e-06, 2.577357199112503e-05, 9.6807776555025e-05, 0.0003561070649667744, 0.001283661846315331, 0.004537633795490713, 0.01574187744949088, 0.05363376383037621, 0.17948195112947002, 0.5886225626918986, 1.8728796541597288, 5.585259450757865, 14.09902377119504, 23.926790183909585, 21.51974851254429, 12.095206198091688, 6.365563539924277, 4.11460424810194, 3.4793226824610457, 3.570736668486528, 4.032191437950788, 4.657869140376436, 5.238421169937838, 5.553125224283115, 5.462325284988301, 4.992165568265407, 4.302439418930151, 3.5720886173017092, 2.917596075849084, 2.383583354958615, 1.9695125321240674, 1.6562938899335387, 1.4215768274898073, 1.2459560980407434, 1.1144703225641401, 1.0162722878435004, 0.9438407345740517, 0.8922571863709686, 0.8586994050936705, 0.8421657956081581, 0.8434006142308892, 0.8649680529138832, 0.9113878051345441, 0.9891713345784134, 1.106470564874908, 1.2718791100864602, 1.4917993447336308, 1.7659583342909833, 2.081558214172711, 2.408475897778471, 2.700067246808047, 2.9036995741228253, 2.979341923242729, 2.9161941383018397, 2.735849020043553, 2.4802408660127653, 2.1938992980600567, 1.9112581900479488, 1.6526818599667006, 1.4265938445255875, 1.2336846824797398, 1.0706794734412743, 0.9328612172402088, 0.8154640440395533, 0.7143075606710712, 0.6260015509962403, 0.5479379894572545, 0.4781927717712086, 0.4153991702672076, 0.3586216069195953, 0.3072415824969535, 0.26085985220554886, 0.21921561397265513, 0.18212214562694898, 0.14941781710612867, 0.12093118952263252, 0.09645877670813736, 0.07575390311742977, 0.0585249219145847, 0.04444087137079437, 0.03314248535658593, 0.024256390078160852, 0.01741036985020326, 0.01224780557594912, 0.008439780725844292, 0.005693869237366846, 0.003759192568773048, 0.002427869909936834, 0.0015334073046060675, 0.0009468292196164955, 0.0005714399841949333, 0.0003370381664918058, 0.00019424282658695263, 0.00010938177845553872, 6.018628247821685e-05, 3.236622353607373e-05, 1.7019669800583277e-05, 8.76116029714175e-06, 4.425342980751544e-06, 2.204040666622669e-06, 1.093034776699663e-06, 5.499229231607659e-07, 2.897037233457131e-07, 1.6665958978529394e-07, 1.0828379633919369e-07, 7.947298465606993e-08, 6.372020083075877e-08, 5.355344086277997e-08, 4.587433887420354e-08, 3.990980322713006e-08, 3.689721723122165e-08, 4.3389943140862835e-08, 1.0622204456716668e-07, 7.31760723277691e-07, 3.552449987502314e-06, 5.126000345116767e-06, 3.468471027957957e-06, 1.6974800924455313e-06, 7.352113834982171e-07, 3.0906338441442705e-07, 1.3273017480773305e-07, 6.003716343455602e-08, 2.8820298468718346e-08, 1.4348046641591796e-08, 7.0487724689720386e-09, 3.2353440349099357e-09, 1.337521243915891e-09, 4.922498441171847e-10, 1.6228540143516704e-10, 4.8607347656843194e-11, 1.3429302644046397e-11, 3.468222092283443e-12, 8.462242841242194e-13, 1.9669440875681907e-13, 4.3851864330558306e-14, 9.448417739536441e-15, 2.0005852786408204e-15, 4.4220459758059903e-16, 1.2465092092048774e-16, 6.013276773834315e-17, 4.577088256712679e-17, 4.1166383398634225e-17, 3.850016544827428e-17, 3.6299967771026845e-17, 3.429822964438126e-17, 3.2449003720513134e-17, 3.074056880220829e-17, 2.9154653336027266e-17, 2.7651408422862247e-17, 2.6162047749206014e-17, 2.4593753818180618e-17, 2.2854797175600603e-17, 2.089569841610508e-17, 1.8740555246637768e-17, 1.6479129468205316e-17, 1.4222247083647034e-17, 1.205594609604779e-17, 1.0022903416476013e-17, 8.129659009727757e-18, 6.362918946614628e-18, 4.702857971448793e-18, 3.1303544856448756e-18, 1.6296814616842237e-18]
1.4966666666666675	3.981904941096415	[-6.171330997150352e-19, -1.1813916872986602e-18, -1.7574507421291398e-18, -2.3456861405154155e-18, -2.9464901029803893e-18, -3.560271970485923e-18, -4.187459153820856e-18, -4.828498145035559e-18, -5.4838555817136044e-18, -6.154019266685623e-18, -6.839498428481558e-18, -7.540818307113092e-18, -8.258476271694566e-18, -8.992646155539407e-18, -9.74127689628483e-18, -1.0488199780926236e-17, -1.1130561643516723e-17, -1.1046677071891902e-17, -6.5841991162979465e-18, 2.3189624589787258e-17, 1.9538750888584398e-16, 1.1496700224408786e-15, 6.2969389222543045e-15, 3.3393973412384934e-14, 1.726886769216922e-13, 8.719908952067149e-13, 4.3007196474495365e-12, 2.0720149390945257e-11, 9.75204485950988e-11, 4.484156539228895e-10, 2.0145884933216482e-09, 8.84422895989823e-09, 3.7945527170480315e-08, 1.5913325820689096e-07, 6.524549490954201e-07, 2.616006950681004e-06, 1.0260293666961515e-05, 3.938001234968258e-05, 0.00014797347728935965, 0.000544653610525667, 0.001965014422298365, 0.0069541178402695745, 0.02415950721106855, 0.08244359768470653, 0.27622312606248606, 0.9048891239973029, 2.8513235662605916, 8.191526328658522, 18.506271360237243, 24.93607270698167, 17.7313989005888, 9.209099697280497, 5.12287070124859, 3.6918408544641292, 3.4221194518891735, 3.7008394796940136, 4.2638610350701205, 4.91313105353127, 5.424704700433893, 5.590578613280084, 5.330203139057834, 4.737986732883719, 4.001557932667361, 3.283944011169157, 2.6713624619030734, 2.1855540121072057, 1.814710077828569, 1.5363146731002932, 1.3282732875265464, 1.172647800239746, 1.056060544393099, 0.9689999700923021, 0.9049767416868728, 0.8598513502937786, 0.8314041703962824, 0.8191366356407732, 0.8242688873894589, 0.8498827734595242, 0.9011199080730272, 0.985258826852437, 1.1113445894173475, 1.2888395798611072, 1.5246130494274754, 1.8177996764945408, 2.153172659791439, 2.4960259536117437, 2.794012043220209, 2.9903736436477764, 3.045461904300925, 2.9538914884493908, 2.7448946200666993, 2.4664213094126417, 2.165445208995007, 1.8758003281485882, 1.6158033086838959, 1.391695508458581, 1.2024686680263463, 1.0437405907349966, 0.9101631423891706, 0.796657224769596, 0.6989180713512291, 0.61353341133413, 0.5379234581000277, 0.4702135975957097, 0.4090925925702648, 0.3536788584481812, 0.30340306325697497, 0.25790913931246423, 0.21697339629078646, 0.18044060303321383, 0.14817566163871163, 0.12002942067104537, 0.0958171115824698, 0.07530779403564719, 0.05822305473256212, 0.04424303945148429, 0.033017749867990526, 0.024181460910210534, 0.01736816668652597, 0.012226180390351764, 0.008430397815517113, 0.005691245659228403, 0.003759901369399096, 0.002429903131902005, 0.0015356882798108027, 0.0009488567153712301, 0.0005730420939332408, 0.0003382121314531288, 0.00019505802838742882, 0.00010992617718959239, 6.0540620695579386e-05, 3.259450554643655e-05, 1.7168153629653364e-05, 8.861058029261511e-06, 4.4965510100306976e-06, 2.2586092073602714e-06, 1.1379030669180033e-06, 5.888695799564685e-07, 3.246408978045844e-07, 1.9844536863667958e-07, 1.372116945529097e-07, 1.0556234948199666e-07, 8.689936066626465e-08, 7.381169355340357e-08, 6.34759307358721e-08, 5.587792559896288e-08, 5.4678417724621836e-08, 7.926788754437953e-08, 3.113354694294597e-07, 2.461248713256246e-06, 7.565432829815564e-06, 7.64041140436887e-06, 4.41656709476202e-06, 2.04097117129467e-06, 8.73086101632481e-07, 3.7144123547813885e-07, 1.6403902836035699e-07, 7.695577645056877e-08, 3.8207621780116665e-08, 1.936224799190909e-08, 9.463162690977283e-09, 4.238673543398814e-09, 1.693665072912689e-09, 6.019282669669457e-10, 1.9238531248524842e-10, 5.616820257259989e-11, 1.5205629450835883e-11, 3.864667231007887e-12, 9.311380201853515e-13, 2.142302519206372e-13, 4.7317996189330267e-14, 1.0065373844301147e-14, 2.058302682626198e-15, 3.954144087215904e-16, 6.132594521469167e-17, -3.223493337565886e-18, -1.4713688810726264e-17, -1.6072479003879924e-17, -1.558021922900263e-17, -1.4795527792530725e-17, -1.4007007691803044e-17, -1.3268178331521159e-17, -1.2587278365617461e-17, -1.1958515383114616e-17, -1.1363899106250371e-17, -1.0771358558774173e-17, -1.0137748779839035e-17, -9.421694320637516e-18, -8.603616364926452e-18, -7.699225410465805e-18, -6.7528746959225705e-18, -5.814862587421956e-18, -4.921176085808594e-18, -4.087439862644837e-18, -3.3139708920252e-18, -2.5935576668052595e-18, -1.9170781832686492e-18, -1.2762502084170916e-18, -6.644899042574043e-19]
1.510000000000001	3.999192593657416	[5.062812559986571e-19, 9.691857217664053e-19, 1.441770934321202e-18, 1.9243452679831533e-18, 2.4172305872218476e-18, 2.9207626720645978e-18, 3.4352921612502008e-18, 3.961185354398458e-18, 4.498825130496004e-18, 5.048612112087169e-18, 5.610967188235784e-18, 6.186342962496682e-18, 6.775294484775861e-18, 7.378936545104862e-18, 8.001863396861779e-18, 8.670380165934457e-18, 9.543658320785081e-18, 1.1575263626897101e-17, 2.035590805514973e-17, 6.790058602130677e-17, 3.3321112028450056e-16, 1.7934125173283593e-15, 9.6559610248211e-15, 5.101555611379566e-14, 2.6350763892353184e-13, 1.3297400195263584e-12, 6.5550789501743095e-12, 3.1567156665098346e-11, 1.4851272723364431e-10, 6.826465503728428e-10, 3.06601616220393e-09, 1.3457116808982677e-08, 5.7728987229962675e-08, 2.4209213056012956e-07, 9.926840808664153e-07, 3.981126914907395e-06, 1.5621149183851404e-05, 5.99944178911792e-05, 0.0002256397047099189, 0.0008315439376909569, 0.003004852133478699, 0.010655406782818537, 0.037107450010750435, 0.12695868980514735, 0.4261993067378457, 1.39378401818637, 4.325396542050885, 11.73579215991068, 22.65486063097542, 23.427887312773155, 13.832255789088878, 7.053964917118137, 4.288585118237494, 3.4498564741428273, 3.4518488782321324, 3.8734067153186653, 4.499820617217383, 5.126203571682972, 5.522793937479223, 5.518300967516954, 5.10439588761927, 4.429443752593586, 3.684298114172793, 3.0032300718963323, 2.442737372264677, 2.0070459331785906, 1.6776607349621437, 1.4312306480982242, 1.2470578361720286, 1.1090520579787515, 1.0054739305437015, 0.9280887371227814, 0.8713566146063494, 0.8318438955487495, 0.8078797899761799, 0.7994367307941735, 0.808201547312031, 0.8377892346651641, 0.8940055805263306, 0.9849638327133411, 1.12068176162252, 1.3115413028746197, 1.5648150560570242, 1.87873928970802, 2.2350086316759312, 2.5934394881765463, 2.8953069279729697, 3.079941681567017, 3.109392797990039, 2.985399927655462, 2.745852363184604, 2.4446125212108365, 2.1303097429744238, 1.8353554680345787, 1.5754997594412268, 1.3545955337917301, 1.1699206839742875, 1.016049715039672, 0.8870821199445871, 0.7776928580626883, 0.6835025640570056, 0.6011111372766381, 0.5279896471475377, 0.4623275998404402, 0.402878604966981, 0.3488210110292882, 0.2996383896800781, 0.2550201604412227, 0.21478112447065606, 0.17879831071505964, 0.1469635220447238, 0.11915000399512432, 0.09519165323461855, 0.07487311798075182, 0.057929024769485235, 0.04405041855441912, 0.03289636730241841, 0.024108613122545742, 0.017327205243870082, 0.012205263616450761, 0.00842139898875807, 0.005688818569068847, 0.0037607045339928496, 0.0024319793463924867, 0.0015379892466747453, 0.0009508959025618806, 0.0005746544438889807, 0.00033939754588935647, 0.0001958865220092786, 0.00011048549773737635, 6.091103983619308e-05, 3.2839550906132475e-05, 1.733368302658863e-05, 8.97796619114984e-06, 4.584479878378322e-06, 2.3293941087282356e-06, 1.198289872782383e-06, 6.424543410398768e-07, 3.731601442081631e-07, 2.4259070002665285e-07, 1.7712754673825668e-07, 1.4115319904534387e-07, 1.180465739692277e-07, 1.0059958081053505e-07, 8.658794693566971e-08, 7.764021631204862e-08, 8.3526004024625e-08, 1.674487707599867e-07, 1.0726888187441153e-06, 7.171796939872178e-06, 1.3663040887862553e-05, 1.054141661622649e-05, 5.476716631008074e-06, 2.447496791586823e-06, 1.0480024037453461e-06, 4.5545377805276376e-07, 2.0814465906071407e-07, 1.0142188394682557e-07, 5.180485962551853e-08, 2.644141181186799e-08, 1.2716842477578009e-08, 5.519703152769306e-09, 2.1267829478100316e-09, 7.30554635456237e-10, 2.2689666391204126e-10, 6.474510343863651e-11, 1.7217491704657437e-11, 4.3159161178512594e-12, 1.0287699044270848e-12, 2.347416470051342e-13, 5.1539075924600595e-14, 1.0939148557521045e-14, 2.2601024578076086e-15, 4.640714691539124e-16, 1.0285747386992783e-16, 3.164661999045678e-17, 1.7428999734606504e-17, 1.4149913214303316e-17, 1.2950558469354232e-17, 1.2170437626828832e-17, 1.1507259977466405e-17, 1.0908411480968967e-17, 1.0363706347466712e-17, 9.864748182643986e-18, 9.394071449084294e-18, 8.921202156453163e-18, 8.405663924610259e-18, 7.810178359289251e-18, 7.120165455628569e-18, 6.3548681873883585e-18, 5.5579403863603524e-18, 4.774645552750837e-18, 4.034494101490032e-18, 3.3482080023805045e-18, 2.7138257947462346e-18, 2.1239142823155925e-18, 1.5701896627106807e-18, 1.0455254376620151e-18, 5.444318855745626e-19]
1.5233333333333343	4.016006312036597	[-4.794148923839261e-19, -9.17754700343224e-19, -1.3652615779708223e-18, -1.822227550875064e-18, -2.2889573124259076e-18, -2.7657688557864737e-18, -3.2529942108745067e-18, -3.750980225827077e-18, -4.26008936230699e-18, -4.780700260776765e-18, -5.313206345683211e-18, -5.858000643570702e-18, -6.415368059934358e-18, -6.984773481772646e-18, -7.560302117534713e-18, -8.102185300115552e-18, -8.363267860460352e-18, -6.856770966331363e-18, 5.136758702524485e-18, 7.753035687459654e-17, 4.892610284136591e-16, 2.7622044031627222e-15, 1.5002903133589325e-14, 7.936921459680994e-14, 4.099102332512954e-13, 2.067710081489936e-12, 1.0188499205076938e-11, 4.904346647810159e-11, 2.3063934331425926e-10, 1.059751691586561e-09, 4.758163408867671e-09, 2.0878342597716647e-08, 8.954560575769643e-08, 3.754657184616767e-07, 1.5394993958082207e-06, 6.174484169086462e-06, 2.4232058642540498e-05, 9.309750492321574e-05, 0.00035032585789839226, 0.0012920065036330377, 0.004673386975094353, 0.01659274150037085, 0.05786626846118018, 0.19822175605116613, 0.6651306105348218, 2.1599644969976888, 6.511513755342617, 16.112308607087115, 25.076529786129456, 19.884762952049815, 10.44275009940383, 5.530237461075413, 3.7544635444984755, 3.34626987097245, 3.562264048939861, 4.104834529661604, 4.776916507252542, 5.355679639757633, 5.612618166082055, 5.42898634864673, 4.872274250453287, 4.131769858079407, 3.3887969789256904, 2.746298047604782, 2.2345320813594167, 1.8439322337535125, 1.5513391436280803, 1.333228695845121, 1.1703042111070883, 1.0481147144764607, 0.9563319094758369, 0.8878133672278429, 0.8378341541639621, 0.8035728301954255, 0.7838436346401122, 0.7790472978855579, 0.7913103520029483, 0.8247673927216939, 0.8858883249154051, 0.9836349018444651, 1.129020965721205, 1.3333623208082481, 1.60429497775343, 1.9389919688872885, 2.315735293765905, 2.6884674953204395, 2.991977649760333, 3.1622467725010117, 3.164145658066147, 3.0074675029182214, 2.7388034266467693, 2.4171871652833596, 2.0920130351649364, 1.7937092752155075, 1.5352984923654853, 1.31832892623557, 1.1385299014081942, 0.9895877340711923, 0.8651638195559319, 0.7597608478786398, 0.6689680726455148, 0.589420805202399, 0.5186521457957106, 0.45492004312456435, 0.39704361031476604, 0.34425997214517634, 0.2961036680631297, 0.25230744466805566, 0.21272249185338987, 0.17725618336158963, 0.14582554305841788, 0.11832477472417702, 0.09460522749568492, 0.07446612781625002, 0.057654308521340514, 0.0438710324727504, 0.032783882779461114, 0.024041628177016102, 0.017290025910933073, 0.012186733868723829, 0.008413873682538962, 0.005687281625720178, 0.003762034997813957, 0.002434363344393219, 0.0015404690016705884, 0.0009530403592372528, 0.0005763314955073403, 0.00034062603295177316, 0.0001967469704199602, 0.00011107126845910112, 6.130526793725807e-05, 3.310713573601829e-05, 1.752107118799756e-05, 9.11624215645629e-06, 4.693276371048019e-06, 2.4204389605441547e-06, 1.2781727239150873e-06, 7.1459106658338e-07, 4.3909725431716116e-07, 3.028312304026738e-07, 2.3164355747700034e-07, 1.8972066126298345e-07, 1.605246952574539e-07, 1.3731084679643017e-07, 1.1913459143644978e-07, 1.1146980154779644e-07, 1.4217223926154048e-07, 4.524567717239674e-07, 3.966812723878755e-06, 1.7222524163229617e-05, 2.1422925057133327e-05, 1.3580489362796471e-05, 6.556375680996022e-06, 2.8726369865449657e-06, 1.2397575805771437e-06, 5.529503566393759e-07, 2.62261059047097e-07, 1.3268042620915134e-07, 6.939521019136313e-08, 3.542144957683677e-08, 1.666522305217546e-08, 6.9895442811566565e-09, 2.596055697524938e-09, 8.626234356647041e-10, 2.606231254324894e-10, 7.275080380380071e-11, 1.901558208368048e-11, 4.702769484838398e-12, 1.1091409324709434e-12, 2.5093489550879976e-13, 5.469540536841305e-14, 1.1516913401469851e-14, 2.3409073527092005e-15, 4.523421455551879e-16, 7.540779391908217e-17, 2.715567482275213e-18, -1.0450486351529635e-17, -1.2293669528068783e-17, -1.2062578767408532e-17, -1.1491298626107771e-17, -1.0900398950318959e-17, -1.0349722280165887e-17, -9.84919653143952e-18, -9.39358618608864e-18, -8.964640135836722e-18, -8.529334162322063e-18, -8.04419149738471e-18, -7.470892228518321e-18, -6.7978626494148096e-18, -6.0502751497495195e-18, -5.276564666419592e-18, -4.522852522435067e-18, -3.816429558171913e-18, -3.1651383152556322e-18, -2.56499285551448e-18, -2.0076175744865878e-18, -1.4845150695528904e-18, -9.886937124097505e-19, -5.149102442958552e-19]
1.5366666666666677	4.03703456866685	[3.7686179232436134e-19, 7.214350084698354e-19, 1.0732143324443745e-18, 1.4324293279375937e-18, 1.7993195104776485e-18, 2.1741348506750013e-18, 2.5571363554912362e-18, 2.9485966973145057e-18, 3.348800948284992e-18, 3.7580478117409296e-18, 4.1766540670498825e-18, 4.6049807197701625e-18, 5.0436038427220275e-18, 5.494428494400152e-18, 5.967803811270769e-18, 6.52691097595322e-18, 7.558088402971089e-18, 1.1377769928672544e-17, 3.155617616098878e-17, 1.4571845298012716e-16, 7.873937265554653e-16, 4.3204613562770086e-15, 2.3329050597015547e-14, 1.2321885070264214e-13, 6.358917820342577e-13, 3.2057864435139853e-12, 1.5788199420774763e-11, 7.59625180004518e-11, 3.5708102921529543e-10, 1.640120309993783e-09, 7.36168279346875e-09, 3.2294907666688084e-08, 1.3849185986297197e-07, 5.806881954236294e-07, 2.38125951762168e-06, 9.553382452507555e-06, 3.751164516031992e-05, 0.00014422508598812514, 0.0005432870509604183, 0.0020064329044539777, 0.007270448453664578, 0.025869398316273433, 0.09043627069050118, 0.31042213703442056, 1.0409294200553907, 3.342894171809586, 9.630410275689908, 20.807350650641236, 24.858951182728674, 15.71345564978311, 7.858341432753725, 4.5079696895840655, 3.442378512498639, 3.350217582532306, 3.731338167459539, 4.3571527420903085, 5.026629787808274, 5.502979197609619, 5.584639076686835, 5.227171366148511, 4.565397915901809, 3.802273581477295, 3.091357409376288, 2.5020303648217457, 2.043445096907163, 1.697449100805967, 1.439387896822016, 1.2470550678054553, 1.1031147317419787, 0.9948938087183854, 0.9134538508081034, 0.8526780929647085, 0.8085888136409731, 0.7789227692212479, 0.7629429472476799, 0.7614612588192428, 0.7770479938637032, 0.8143860097727166, 0.8806661374435693, 0.9857823089597861, 1.1418374353192176, 1.361129657098651, 1.6515505573546576, 2.0087869097062643, 2.406876305911101, 2.7928622636708256, 3.0945126369341893, 3.2451645247479886, 3.21435500779516, 3.0217142797191583, 2.723113028149029, 2.382129048190536, 2.0478885796052957, 1.7480541154065823, 1.4925549987401252, 1.280564618790046, 1.1063284056405902, 0.9627417802587653, 0.8431139124508454, 0.7418384534301843, 0.6545158926470707, 0.5778443449053695, 0.5094361059014645, 0.44762818659352993, 0.3913117298686289, 0.3397866190437935, 0.2926407542295861, 0.24965159650628646, 0.21070746683079677, 0.17574640862056187, 0.14471072278397332, 0.11751545912125338, 0.0940292088134721, 0.07406551750418792, 0.05738315169289092, 0.043693329920561776, 0.032671914088373014, 0.023974497805984936, 0.01725238260087854, 0.012167637990814044, 0.008405804200816012, 0.005685283162825131, 0.0037630068939911118, 0.0024364887722116454, 0.001542775889672696, 0.0009550796148510467, 0.0005779535602458049, 0.00034183493550949545, 0.00019761168413142302, 0.00011167668344066275, 6.172859477424395e-05, 3.3409272122284455e-05, 1.774581597926468e-05, 9.292929966879402e-06, 4.840353762573483e-06, 2.548783850800198e-06, 1.3937172599427423e-06, 8.202033594049692e-07, 5.35846249409244e-07, 3.9080438083534896e-07, 3.104785855232602e-07, 2.5899702731527757e-07, 2.20176450926725e-07, 1.883352468695813e-07, 1.6535815276299996e-07, 1.6630898341937832e-07, 2.794752999771273e-07, 1.5413973020383595e-06, 1.3442539796235003e-05, 3.4679485012917006e-05, 3.103624320325151e-05, 1.7214171454959078e-05, 7.950014502086967e-06, 3.4689995656690385e-06, 1.5255917270009965e-06, 7.040251280029006e-07, 3.4779147957625826e-07, 1.8200117325248756e-07, 9.642466763090888e-08, 4.8589777995498836e-08, 2.2151769917103557e-08, 8.938864868654212e-09, 3.1993802004970084e-09, 1.0301406824399535e-09, 3.034855011224659e-10, 8.306675300365754e-11, 2.1384407262460934e-11, 5.22663592832062e-12, 1.22140663809917e-12, 2.743557897949256e-13, 5.9480492681157e-14, 1.2491885189099465e-14, 2.5543004199641242e-15, 5.158720835659874e-16, 1.0907683626624567e-16, 2.9607729448034904e-17, 1.4064640018653812e-17, 1.0717798293474325e-17, 9.668539378424245e-18, 9.069279544070542e-18, 8.584824382488838e-18, 8.157153833935531e-18, 7.775559449521772e-18, 7.431935792657457e-18, 7.109090955652086e-18, 6.776882496521826e-18, 6.396433707156731e-18, 5.935398952060455e-18, 5.387613192512902e-18, 4.779699199300298e-18, 4.155792265194839e-18, 3.554241643965271e-18, 2.9952852860017186e-18, 2.482840903852574e-18, 2.011971445632965e-18, 1.5750625298178968e-18, 1.1649788083413268e-18, 7.7608239374553355e-19, 4.0424875277197963e-19]
1.5500000000000012	4.055356556747063	[1.0894855051901131e-18, 2.0856275571171067e-18, 3.1026012749584726e-18, 4.141071516625727e-18, 5.201725671243081e-18, 6.2852998232823405e-18, 7.392535321344355e-18, 8.524224814831414e-18, 9.68119230290217e-18, 1.08643003885415e-17, 1.2074458252966112e-17, 1.33126637353639e-17, 1.4580272259975195e-17, 1.5880743211144514e-17, 1.723078303119273e-17, 1.872982287712794e-17, 2.0982937750234607e-17, 2.7613708046285852e-17, 5.98375657225981e-17, 2.389553888265596e-16, 1.242123132148613e-15, 6.7600647079054524e-15, 3.643237639907439e-14, 1.9229591108302135e-13, 9.919511651614586e-13, 4.99905498758731e-12, 2.4612216630757728e-11, 1.1838608276098095e-10, 5.563812874298034e-10, 2.555119114156112e-09, 1.1467594650059548e-08, 5.0306586993600136e-08, 2.157511903055302e-07, 9.048171127714899e-07, 3.711708914526197e-06, 1.4898621028936074e-05, 5.854142979110806e-05, 0.00022529406370915299, 0.0008497139427225671, 0.003143007427619708, 0.011410832222073173, 0.040693429201874624, 0.14259269817961176, 0.4901138475935298, 1.6378957728616033, 5.152708560524677, 13.78923882670866, 24.537683669091617, 21.98127023477195, 11.840792982941679, 6.010995021787427, 3.8451356452672623, 3.285343231022777, 3.432139093953247, 3.944881102139829, 4.625627474106012, 5.257018489319458, 5.597889058725718, 5.494835744776093, 4.983920444238053, 4.2494147457005615, 3.487876066668789, 2.8192138198455816, 2.2833874006682984, 1.8739958166541688, 1.5677509081504466, 1.3399534326415175, 1.1700768841945035, 1.0426744203593201, 0.9466631084401302, 0.8743116025487987, 0.8203844296266032, 0.7815465507081143, 0.7560211346559843, 0.7434736743938215, 0.7451018230496329, 0.7639132024307858, 0.8051522220990623, 0.8767651313103663, 0.9896313620747548, 1.1569983722531934, 1.3921551858762444, 1.7031113073738877, 2.083652812377287, 2.5028437077997974, 2.9000751792457518, 3.196010360316479, 3.3224765581926823, 3.255546566191926, 3.0259399411753787, 2.6986442066114513, 2.3406868855442093, 1.9998445279960946, 1.7004298202200974, 1.4491501800990403, 1.2429081100077575, 1.074628532204532, 0.9365582942473542, 0.8217550946160804, 0.7245673758260436, 0.6406444814465061, 0.5667682640905344, 0.5006411910780872, 0.44068462124040203, 0.38586387279533596, 0.33554206114631463, 0.289360071879291, 0.24713930919438154, 0.2088043018973388, 0.17432281716224432, 0.14366153036563034, 0.11675550972377025, 0.09348984872701406, 0.07369176312684117, 0.05713139203816593, 0.04352943133471366, 0.03256961941150296, 0.023914041277294393, 0.01721927065461995, 0.012151570523152265, 0.008399728063891094, 0.005684578580868548, 0.00376480904775541, 0.002439143133304407, 0.0015454197250397625, 0.0009573359239204372, 0.0005797192958153835, 0.00034314347670837266, 0.00019855010437774077, 0.00011234076027360503, 6.220190002712883e-05, 3.3756281173200886e-05, 1.801222505516175e-05, 9.508973447678674e-06, 5.024794254312166e-06, 2.7124785872380245e-06, 1.5423878173113937e-06, 9.56407105401409e-07, 6.603019230123941e-07, 5.032620689949683e-07, 4.1031703641816e-07, 3.457319053581242e-07, 2.9413125321993363e-07, 2.5200877659286006e-07, 2.2738465080954943e-07, 2.610654971483721e-07, 6.726173225189112e-07, 5.987851248697946e-06, 3.684834420724661e-05, 5.808002300306862e-05, 4.089523299357564e-05, 2.0735820032827453e-05, 9.334981080724641e-06, 4.096753247971995e-06, 1.8481274172669701e-06, 8.861155195312441e-07, 4.5586764604168895e-07, 2.452921672871398e-07, 1.3038690931208077e-07, 6.433331627692599e-08, 2.830904794890767e-08, 1.0990883766013925e-08, 3.798550968458245e-09, 1.1882130720410038e-09, 3.421556422614903e-10, 9.200894253986905e-11, 2.336498621525073e-11, 5.65050065470853e-12, 1.3095705738318366e-12, 2.9225941588344873e-13, 6.305272655338178e-14, 1.3206742150786249e-14, 2.7105581836514474e-15, 5.642192566655104e-16, 1.361394148857231e-16, 5.1762257086162376e-17, 3.43939359038383e-17, 2.98363593764763e-17, 2.7743858158389614e-17, 2.619437185817681e-17, 2.484643937310976e-17, 2.364646720259244e-17, 2.2583879456872656e-17, 2.163616425225104e-17, 2.0746405004731592e-17, 1.9813901136455335e-17, 1.871149200922874e-17, 1.7340503064166853e-17, 1.569538266431847e-17, 1.3876106887700812e-17, 1.2027851653668505e-17, 1.0265365996269584e-17, 8.641660596107444e-18, 7.160756425975817e-18, 5.803175803566173e-18, 4.544197452450602e-18, 3.362124187972801e-18, 2.2404063693658297e-18, 1.1671983258974636e-18]
1.5633333333333346	4.079266645285905	[-3.160911330752953e-19, -6.051004972108035e-19, -9.001538857209105e-19, -1.2014439115868638e-18, -1.5091714673305379e-18, -1.82354621398098e-18, -2.1447870642256265e-18, -2.473122676898983e-18, -2.8087918283152825e-18, -3.1520426832078337e-18, -3.503124131427358e-18, -3.862222646337155e-18, -4.229035383119737e-18, -4.599973938430202e-18, -4.9503069393675794e-18, -5.122862996492045e-18, -4.1509662987164615e-18, 3.761876180995158e-18, 5.254256775990634e-17, 3.3605736906623857e-16, 1.935872631758031e-15, 1.0743145067110807e-14, 5.808702081051163e-14, 3.066362835382427e-13, 1.5810582544555043e-12, 7.963499927339589e-12, 3.918529814960686e-11, 1.883814511891278e-10, 8.848885136885114e-10, 4.061845238375549e-09, 1.8222291346008303e-08, 7.991009147993606e-08, 3.4261798854710773e-07, 1.4366117956453934e-06, 5.892833954362164e-06, 2.3655264691418502e-05, 9.297096990721929e-05, 0.0003579474817860848, 0.0013509031103771032, 0.0050013419677890645, 0.018178420674495405, 0.06491179493988983, 0.22767214914397885, 0.7816152738648623, 2.5872593429060258, 7.838554137309541, 18.655523952966128, 25.6854289544144, 17.672718154083054, 8.775406069110872, 4.771263600697338, 3.453929291270995, 3.262082659967855, 3.601551681430416, 4.224927865377139, 4.934635699722739, 5.489079743798559, 5.657875786653528, 5.3584411687386435, 4.709298719154741, 3.9255065175838157, 3.1816436359899796, 2.561206679122487, 2.0785169312920724, 1.7155125762901877, 1.445919114849266, 1.2457975334232756, 1.0964467973686782, 0.9842174337897679, 0.8994757424273107, 0.8355723655246818, 0.7880580107162357, 0.754172400137731, 0.7325778886460895, 0.7233102877481736, 0.7279323136957777, 0.7498786359398727, 0.7949565769774346, 0.8718836404985082, 0.992556445978095, 1.1714063050613093, 1.422726435441656, 1.7545555323130266, 2.158485318127851, 2.598091559113303, 3.0046570507410464, 3.2919347595817468, 3.3914078321961343, 3.2871492873210473, 3.0215350802963226, 2.6679921438357783, 2.2958308217003256, 1.9506460162038664, 1.6531274485544176, 1.406851674566238, 1.206662813281943, 1.0443624624368693, 0.9116884682844919, 0.8015322379353031, 0.7082436442477057, 0.6275437637023341, 0.5563076602234486, 0.49233041071856304, 0.43411675340538963, 0.3807037637189127, 0.3315149247577261, 0.2862412807295988, 0.24474560053252473, 0.2069863635975654, 0.17295913104698346, 0.14265332707338113, 0.11602268279172484, 0.09296767293972902, 0.07332826354729902, 0.05688521849007335, 0.043368109950328415, 0.03246807706515818, 0.023853327008960125, 0.017185426274460056, 0.012134626458504192, 0.00839281739609242, 0.005683171128423944, 0.00376606905487925, 0.002441410677307971, 0.0015478099742074676, 0.0009594442861894769, 0.0005814160137043287, 0.00034443914396050247, 0.0001995138768978538, 0.00011305513236611696, 6.274102034619595e-05, 3.417814212423516e-05, 1.8358128674475625e-05, 9.806157597289091e-06, 5.28991065498564e-06, 2.954807803649561e-06, 1.766385939615904e-06, 1.1635501718609706e-06, 8.503557266949406e-07, 6.751570884780379e-07, 5.628276224222578e-07, 4.782183104374516e-07, 4.0782063634931616e-07, 3.5309199049599053e-07, 3.378014008494657e-07, 4.899160620437135e-07, 2.2252860300955894e-06, 2.3511550444962765e-05, 8.364505514093974e-05, 8.839724488610732e-05, 5.2662464585914984e-05, 2.5178101045170226e-05, 1.1201833883641535e-05, 4.985375792791802e-06, 2.321899989021436e-06, 1.1613757276089944e-06, 6.215985073083418e-07, 3.414358009084119e-07, 1.8023249392282057e-07, 8.63344077290843e-08, 3.649924659227461e-08, 1.361313742655518e-08, 4.543202664471403e-09, 1.3813838338878634e-09, 3.890052325277073e-10, 1.0280793883527563e-10, 2.5756987134810467e-11, 6.1633019846260455e-12, 1.4164423484970154e-12, 3.139496866439454e-13, 6.732106838829883e-14, 1.3995716508522531e-14, 2.8213640052027252e-15, 5.472254655926927e-16, 9.716079407359681e-17, 1.0663421554003779e-17, -5.245936463539726e-18, -7.796312222923768e-18, -7.894710444608292e-18, -7.57561461787238e-18, -7.213725449062397e-18, -6.878951600114849e-18, -6.583415133816112e-18, -6.322386724140141e-18, -6.077259843956628e-18, -5.814494333481291e-18, -5.4926735492021605e-18, -5.082104199029549e-18, -4.585721800949099e-18, -4.039833443219655e-18, -3.491400313823432e-18, -2.9741850792770623e-18, -2.501547099473828e-18, -2.072450909857831e-18, -1.6798187391765089e-18, -1.3157940751442114e-18, -9.738407548112834e-19, -6.491209814190896e-19, -3.382367389659176e-19]
1.5633333333333346	4.086935917858065	[-1.593264028712641e-18, -3.0500066545032222e-18, -4.5372220877562144e-18, -6.0558732669422784e-18, -7.606972790225648e-18, -9.191577455345224e-18, -1.0810790707628423e-17, -1.2465765228842186e-17, -1.415770551995243e-17, -1.5887869347592512e-17, -1.7657560086158832e-17, -1.9468055626846937e-17, -2.1320112839394788e-17, -2.321070691962294e-17, -2.5112196066802846e-17, -2.684247269045469e-17, -2.7275174892018232e-17, -1.9650903902784682e-17, 3.559257169310792e-17, 3.6448875675917704e-16, 2.2278447957181137e-15, 1.249193541441257e-14, 6.766547707252573e-14, 3.572805771086477e-13, 1.842046098103842e-12, 9.276855179420202e-12, 4.564188514634039e-11, 2.1939507471141862e-10, 1.0304629764407072e-09, 4.7296693747823465e-09, 2.1217019591323028e-08, 9.304001384552586e-08, 3.9891531999562337e-07, 1.6727521468654364e-06, 6.862168994980315e-06, 2.755106841345735e-05, 0.00010830924322385613, 0.0004171434656746949, 0.0015750174223724696, 0.005834388458111789, 0.021220965974730038, 0.07583402145734185, 0.26614358737291127, 0.9133563946534549, 3.010766561593471, 8.969918250533416, 20.300012502009526, 25.381712978036873, 16.192643293145, 7.951999311966892, 4.462521379282711, 3.367135602805377, 3.2744907973031343, 3.667741998357366, 4.3189315740491745, 5.026393933880848, 5.542515187054874, 5.647536406816486, 5.287008043717046, 4.6030737342607715, 3.8136937286095547, 3.082329109600338, 2.480621935988328, 2.0159934606230223, 1.667829556259352, 1.409580859399593, 1.217862155468297, 1.074671630747411, 0.9669642591366718, 0.8855673878666611, 0.8241661717264025, 0.7785509491210612, 0.7461362054171112, 0.7257194766124343, 0.7174541754988134, 0.7230244067280354, 0.7460131854965034, 0.7924289715202358, 0.8712682452928658, 0.9947954254002124, 1.1778634639191967, 1.435102624849739, 1.7744955070492363, 2.186716158288363, 2.6331991832408552, 3.0422213712901023, 3.3252127341776077, 3.413974724823682, 3.2958994667795936, 3.0176489657419086, 2.6554115846086006, 2.2789514080664994, 1.9328460019190636, 1.6364183033328112, 1.3921532905968943, 1.1942174970639927, 1.0340639839099768, 0.903286171588446, 0.7947392817122817, 0.7027868841200202, 0.623182615336269, 0.552838158802409, 0.48958301450992003, 0.4319520082816222, 0.3790076353058798, 0.3301944937420846, 0.2852210061579533, 0.24396416294947318, 0.2063940373238186, 0.17251562193382067, 0.1423260133514982, 0.1157851994652222, 0.09279878204372687, 0.07321095461331083, 0.05680598734105415, 0.04331637027516736, 0.03243566785566116, 0.023834088840788557, 0.017174829173253796, 0.012129440384953817, 0.008390822294271476, 0.005682906685483034, 0.003766625078002115, 0.0024422579941336484, 0.0015486698783733763, 0.0009601925922733591, 0.000582016332503713, 0.0003448993123925043, 0.00019985957481253488, 0.00011331540625826402, 6.294145164019304e-05, 3.433849986229485e-05, 1.8492353592411076e-05, 9.923338413966068e-06, 5.395505932471993e-06, 3.0517572969554276e-06, 1.8559867796891885e-06, 1.2460935804902303e-06, 9.255720164456048e-07, 7.425346005906905e-07, 6.21883198440582e-07, 5.288340550900671e-07, 4.5088566128434035e-07, 3.921720911035077e-07, 3.857809900390484e-07, 6.228265195767268e-07, 3.4703678640295307e-06, 3.555586297583807e-05, 0.00010456108258612722, 9.916815490600225e-05, 5.6647311243874066e-05, 2.672006028062702e-05, 1.1880695309546943e-05, 5.324883753096432e-06, 2.510855523065644e-06, 1.2744357656917469e-06, 6.9029357346026e-07, 3.8070353466091167e-07, 1.9990044919678034e-07, 9.46444915504559e-08, 3.946478483415407e-08, 1.4530263486860039e-08, 4.797108837055728e-09, 1.4461369207332764e-09, 4.045469220315761e-10, 1.0637061109042852e-10, 2.654451941194397e-11, 6.332187202566751e-12, 1.45168999516323e-12, 3.211016227075064e-13, 6.87093456031139e-14, 1.4229452041628165e-14, 2.8302515319931244e-15, 5.14726153238208e-16, 5.867105760869382e-17, -2.71916479497681e-17, -4.1322957652508787e-17, -4.1981342733923856e-17, -4.0271874614535106e-17, -3.8277622015393094e-17, -3.639656797909969e-17, -3.471435455482334e-17, -3.324481588658188e-17, -3.1953971140120896e-17, -3.0741439769204414e-17, -2.9429375268243516e-17, -2.780073328571614e-17, -2.5704965592182813e-17, -2.3166672609307134e-17, -2.0382697498450547e-17, -1.759775439648571e-17, -1.4981761708500034e-17, -1.2597804441029283e-17, -1.0436619359597086e-17, -8.460107811610077e-18, -6.6275947147026244e-18, -4.905805289472464e-18, -3.270346116246732e-18, -1.7041860540307879e-18]
1.5722222222222235	4.100394777620959	[3.5673181475667738e-19, 6.82899856178551e-19, 1.0158893669989218e-18, 1.35591666969683e-18, 1.7032095552168748e-18, 2.0580042799377313e-18, 2.420547914501713e-18, 2.7910986066479243e-18, 3.169926498770222e-18, 3.557316494169724e-18, 3.953583707206339e-18, 4.35917530956209e-18, 4.7753482987094826e-18, 5.2085960184068865e-18, 5.6988923716897165e-18, 6.4956313279757806e-18, 9.127432531979534e-18, 2.2751609878913857e-17, 1.0093761947701694e-16, 5.496579698985963e-16, 3.075203077266084e-15, 1.6967868572587388e-14, 9.161519204630635e-14, 4.833626440223428e-13, 2.4913866125187497e-12, 1.2544993602653296e-11, 6.171408622931993e-11, 2.966311028067032e-10, 1.3931916996779415e-09, 6.394707745682432e-09, 2.868881351902627e-08, 1.258253610863566e-07, 5.396193014516736e-07, 2.263562322821465e-06, 9.290336324330333e-06, 3.732363477341123e-05, 0.00014684732623778413, 0.0005661555873359574, 0.0021404081144167923, 0.007941314839533501, 0.028938298666842048, 0.10362228594338069, 0.3642569870800244, 1.2489246901048319, 4.073268942796472, 11.63172170304303, 23.31768271681479, 23.80608217163099, 13.371296431483467, 6.567396995943974, 3.9657921012220454, 3.2434205559308085, 3.322077805017247, 3.8088732596041397, 4.501445933818571, 5.186641960966088, 5.610700574291658, 5.585350252084084, 5.114604079260046, 4.378639795354411, 3.591541426224963, 2.8917800945772876, 2.3291917866959087, 1.8999528053228116, 1.5799776806304848, 1.342915342458953, 1.166738839896766, 1.0348803378738929, 0.9354662982190327, 0.8601944901053715, 0.8033731798155003, 0.7612365443692588, 0.7315233125729991, 0.7132848215820509, 0.7069008126441217, 0.7142968070471787, 0.7393594332222939, 0.7885160298385608, 0.8713481766095496, 1.000890741865846, 1.192869237820985, 1.4625773291320339, 1.8177720563480297, 2.247007765874854, 2.7069993523239715, 3.1196577978030833, 3.39190553687217, 3.456958746463486, 3.309774180981739, 3.0059633585185503, 2.6269390577585177, 2.2428256778493907, 1.8957648335619643, 1.602183455219957, 1.3623767664282893, 1.1692088554615436, 1.0134938666929354, 0.8865813184490161, 0.7812840456537369, 0.6920115293791842, 0.6145934723019414, 0.5460211030579207, 0.4841963425518478, 0.4277161912973019, 0.37569508117898187, 0.3276204186664989, 0.2832356588120374, 0.2424463315136438, 0.20524568644038027, 0.1716575039499012, 0.14169411319511666, 0.1153278847196142, 0.09247453697263466, 0.07298658284128383, 0.05665517659541579, 0.04321852602597294, 0.03237494052159776, 0.023798539448994422, 0.01715569819428022, 0.012120501277673413, 0.00838781328306588, 0.005683040824952282, 0.0037681802761164915, 0.002444246749490013, 0.0015505847897561151, 0.0009618198427210286, 0.0005833064875188895, 0.0003458834468243455, 0.00020059895152984346, 0.00011387430398942742, 6.337476310478842e-05, 3.4687907222092794e-05, 1.8786880974563654e-05, 1.0181687170959501e-05, 5.628743514826027e-06, 3.265695007745624e-06, 2.0530313526757894e-06, 1.4265886205952234e-06, 1.0887436131416042e-06, 8.871907520664796e-07, 7.47050726204862e-07, 6.346264262762719e-07, 5.402589961487275e-07, 4.7579644454228323e-07, 5.043464423390384e-07, 1.0679670533644095e-06, 8.801959847100079e-06, 7.460652716906948e-05, 0.0001522841187659473, 0.00012032460452807573, 6.422432203102342e-05, 2.9706198014374517e-05, 1.3249872899176036e-05, 6.041929627686401e-06, 2.9262440017037885e-06, 1.5294736949858553e-06, 8.461121675538352e-07, 4.683643250659163e-07, 2.42441043039223e-07, 1.1195225961467059e-07, 4.5420840555884955e-08, 1.6315449769893847e-08, 5.278779334467024e-09, 1.5664342276452885e-09, 4.329311527040488e-10, 1.1278641120826078e-10, 2.7946451941003945e-11, 6.6300966901493015e-12, 1.5135213536272792e-12, 3.3370493185346587e-13, 7.127408755800601e-14, 1.4786940720673313e-14, 2.991791072741805e-15, 5.972834409695466e-16, 1.2353049635067918e-16, 3.171617026146636e-17, 1.3959403115895016e-17, 1.0248319077448693e-17, 9.16898435904132e-18, 8.601804962188894e-18, 8.164614986427704e-18, 7.792376994752577e-18, 7.47321758562957e-18, 7.1959445602749e-18, 6.9350402686310084e-18, 6.646428038791336e-18, 6.277680809771721e-18, 5.795118415903929e-18, 5.209390051316827e-18, 4.571167664428237e-18, 3.93863405815706e-18, 3.3493122060061088e-18, 2.8151692787517492e-18, 2.332255941025835e-18, 1.8909809541058554e-18, 1.4817953316472228e-18, 1.0971306167182016e-18, 7.315385296424985e-19, 3.8125813728035205e-19]
1.5811111111111125	4.116165285366286	[-1.98614588359518e-19, -3.8021773691941537e-19, -5.656159179442565e-19, -7.549329193046302e-19, -9.482949727047684e-19, -1.1458338186239074e-18, -1.347687005218306e-18, -1.5539981595558366e-18, -1.764916934238928e-18, -1.9805964838854247e-18, -2.2011735178426317e-18, -2.4266291891122847e-18, -2.655855356492209e-18, -2.880549746684064e-18, -3.0462674428603427e-18, -2.8098771640435348e-18, -6.527192740127856e-20, 1.7803733720309735e-17, 1.245791170969963e-16, 7.415410570814565e-16, 4.21721562258499e-15, 2.33344470327794e-14, 1.2602518198196037e-13, 6.647784330925603e-13, 3.425495058377815e-12, 1.7243661611300157e-11, 8.480604181719279e-11, 4.0752338131372847e-10, 1.9136059978239136e-09, 8.781793143997117e-09, 3.939253138806163e-08, 1.7275454954383236e-07, 7.40855905468359e-07, 3.1077998929813747e-06, 1.2756776726635813e-05, 5.1260558518594526e-05, 0.00020174554494782666, 0.0007781616061039669, 0.002943700265825868, 0.010930115504961273, 0.039865636647157164, 0.14286955506788446, 0.502179145804328, 1.7149406620948209, 5.493631223448986, 14.761771222800657, 25.381820986124197, 21.170122361326893, 10.878738179415326, 5.502285675108331, 3.612296718455823, 3.1879137980812615, 3.4151103115125796, 3.9898524902309127, 4.719013208048442, 5.370867827813834, 5.688343033603145, 5.523962402637246, 4.943767965755424, 4.160309888491707, 3.3779622655378803, 2.7092002225116194, 2.1835796918957064, 1.7874321514668534, 1.4938152425127496, 1.2766733048991026, 1.1152351226976593, 0.9942303012569877, 0.9028436075745334, 0.8335628198435026, 0.7812658054210365, 0.7425956840359591, 0.7155922352821363, 0.6995440999131772, 0.6950440831857768, 0.7042467727103247, 0.7313296013973297, 0.7831251423882607, 0.8697863743060547, 1.0051065878507512, 1.2056745306130392, 1.4874367855599038, 1.8579002488826697, 2.303448834463612, 2.776036672487591, 3.1913177892806917, 3.4521209454162385, 3.493657076885764, 3.318687229837439, 2.991364135116781, 2.5975927584503022, 2.2073326393154713, 1.8601606159606148, 1.569738373639852, 1.3343716278195528, 1.1457876426123603, 0.9942678064646264, 0.87097511853647, 0.7687062216111203, 0.6819254407475185, 0.6065389657396079, 0.5396143323754461, 0.4791214486637305, 0.4237150085821269, 0.3725573273442585, 0.3251751453464308, 0.2813440599677535, 0.2409957807211815, 0.2041448311887594, 0.17083226003281748, 0.1410844245679836, 0.11488512901938933, 0.09215946464062118, 0.0727676833579874, 0.05650737318592883, 0.043122112519402414, 0.03231469066650808, 0.023762938008621667, 0.01713626190245398, 0.01211117367425283, 0.008384428795754961, 0.005682859585101961, 0.0037694965414003787, 0.002446071777344986, 0.001552401245346919, 0.0009634009069265022, 0.0005845898780844603, 0.0003468891177197346, 0.0002013792981572164, 0.00011448692463661215, 6.386971078049347e-05, 3.5103435270568625e-05, 1.9149590480347427e-05, 1.0508529873299985e-05, 5.929462550636718e-06, 3.5450313724063965e-06, 2.3124670588537766e-06, 1.6656302142257543e-06, 1.3058563373701684e-06, 1.0805477781336743e-06, 9.153395713325996e-07, 7.783755024567839e-07, 6.648638175911734e-07, 6.009111291030056e-07, 7.155907571806738e-07, 2.156611019802532e-06, 2.362320447211414e-05, 0.0001429883050608406, 0.00021006690830713376, 0.0001436381843587702, 7.277320055897125e-05, 3.32045884768636e-05, 1.4900150041399731e-05, 6.927997969011688e-06, 3.4523259259371957e-06, 1.8585173489234575e-06, 1.0477625297978484e-06, 5.799491874851525e-07, 2.94948012134662e-07, 1.3257225808274306e-07, 5.228818308978651e-08, 1.8317811645559717e-08, 5.806790541104414e-09, 1.6957036951595324e-09, 4.628770875221183e-10, 1.1943573322407916e-10, 2.9373792382930226e-11, 6.927958123023996e-12, 1.5741624982718966e-12, 3.457681008209958e-13, 7.361194343853308e-14, 1.5218338293232242e-14, 3.057304482474983e-15, 5.945093063012565e-16, 1.0886871626666039e-16, 1.5639351468786732e-17, -1.651336159049987e-18, -4.598389865611507e-18, -4.907286662660924e-18, -4.756194694321606e-18, -4.5449144710615046e-18, -4.3473464554624136e-18, -4.176398190915876e-18, -4.0287472786526865e-18, -3.889317998641529e-18, -3.731299415774885e-18, -3.523432372682909e-18, -3.247185880557682e-18, -2.911552668576232e-18, -2.5483680670484057e-18, -2.1916702034883226e-18, -1.8618790773510457e-18, -1.5644322842373672e-18, -1.2961450641242639e-18, -1.0511480492086446e-18, -8.239164294425992e-19, -6.10187708286771e-19, -4.069416104933363e-19, -2.121138593382512e-19]
1.5900000000000014	4.135312882315852	[-1.354745667210429e-19, -2.5934241221948033e-19, -3.8580050942625924e-19, -5.1493159164592595e-19, -6.468217600153103e-19, -7.815608725272718e-19, -9.192427425072766e-19, -1.0599652856683113e-18, -1.203830201353246e-18, -1.3509392232971485e-18, -1.5013662789680065e-18, -1.6549650687047445e-18, -1.8100797870108095e-18, -1.9551213956655933e-18, -2.0148514520341398e-18, -1.5160322128801982e-18, 2.443966206249309e-18, 2.724411890709255e-17, 1.7447383512036526e-16, 1.0239302887798473e-15, 5.8064174962430695e-15, 3.209940877265203e-14, 1.7327586759632037e-13, 9.136379375737275e-13, 4.7059680428483835e-12, 2.3680583969343533e-11, 1.1642251837985407e-10, 5.592711131814695e-10, 2.6254125420069078e-09, 1.2045442076310882e-08, 5.4022143496002875e-08, 2.3688358764546436e-07, 1.015832385863604e-06, 4.261538272528273e-06, 1.74956211969243e-05, 7.032432827169749e-05, 0.0002769035453768008, 0.0010687483175671286, 0.004046397888358784, 0.015040427645499302, 0.05492373199597634, 0.19704271127506437, 0.6924056779024603, 2.3509345243298267, 7.345213396008312, 18.200633205790872, 26.095304437452057, 18.106196412517853, 8.83368779974022, 4.706903417163276, 3.3732975418869633, 3.1876202697947282, 3.5407142925400703, 4.18709849651336, 4.930029084944212, 5.519425096424072, 5.708661136859178, 5.405353779448512, 4.734672394410006, 3.9262121408592163, 3.1640539254214284, 2.533484492167368, 2.0467426266223656, 1.6831683810495162, 1.4146105604506873, 1.2160365992054307, 1.0681782455351172, 0.9571063163788068, 0.8730372993883401, 0.809206597677429, 0.7610226938948034, 0.725507268128451, 0.7009798599142518, 0.6869537367182018, 0.6842307531419761, 0.6952004174622193, 0.7243492809078176, 0.7789495382833539, 0.8697787973708462, 1.0114573656459942, 1.2214995017495627, 1.516501534517826, 1.903541962970958, 2.366361984393994, 2.8514242055879406, 3.2675476338298663, 3.5137064782671548, 3.5283262566882425, 3.3233277345794656, 2.9718889105377007, 2.5639608980196162, 2.1686144029683527, 1.822359252268957, 1.5358922713492886, 1.305514544304579, 1.1218694746307676, 0.9747659805881354, 0.8552278413500312, 0.7560677434598516, 0.6718254470677227, 0.5984964302066095, 0.5332324605656673, 0.4740763924605913, 0.41974377744291086, 0.369446875148733, 0.32275312140200213, 0.27947115444722553, 0.23955944219175335, 0.20305413301310546, 0.17001373040051812, 0.1404786891486905, 0.11444423593532999, 0.09184477200662075, 0.07254819661369746, 0.05635842815184967, 0.0430243131172112, 0.032253027509961354, 0.02372603373954167, 0.017115708552723236, 0.01210094391909091, 0.00838035494280382, 0.005682180857908698, 0.0037704771257726886, 0.0024476904942226222, 0.0015541102548189021, 0.000964947101831066, 0.0005858897288124377, 0.0003479462478085084, 0.00020223404344018385, 0.00011518823928227914, 6.446155793314628e-05, 3.5619778442210424e-05, 1.961394049357308e-05, 1.0935506054995513e-05, 6.3269331654357945e-06, 3.916135209185092e-06, 2.657261221297979e-06, 1.982347934671896e-06, 1.5918787287879457e-06, 1.3332772001919255e-06, 1.133310725338439e-06, 9.633450368324695e-07, 8.269836845862074e-07, 7.768503252983279e-07, 1.092347047838929e-06, 4.996985277803991e-06, 6.129655884712002e-05, 0.0002488764323252722, 0.00027835908268543315, 0.00017057019474422242, 8.327617746215133e-05, 3.777267495244526e-05, 1.714483578533308e-05, 8.162984161657523e-06, 4.194786773219007e-06, 2.3224328985562555e-06, 1.3268471721426716e-06, 7.291991450589509e-07, 3.6244125517662337e-07, 1.581960986127315e-07, 6.064504772839432e-08, 2.073846254013738e-08, 6.448923497381079e-09, 1.8553813927574498e-09, 5.007000198169277e-10, 1.280595824251114e-10, 3.127912516075454e-11, 7.337584851113299e-12, 1.6600871805174518e-12, 3.63385575082094e-13, 7.714809669945153e-14, 1.591497853092026e-14, 3.1932497113547116e-15, 6.218888032892204e-16, 1.1555790023382173e-16, 1.8386629883638294e-17, 2.9087090954747607e-19, -2.8797049915830707e-18, -3.3015468148750507e-18, -3.2378165449375218e-18, -3.1029127812809035e-18, -2.9728054965373317e-18, -2.860811167209073e-18, -2.7650153028219746e-18, -2.6740847532831417e-18, -2.567903760575071e-18, -2.4236610183876723e-18, -2.2291491718195896e-18, -1.9930465549775913e-18, -1.7397465645171907e-18, -1.4934561818520697e-18, -1.2675616816378986e-18, -1.0648094440646418e-18, -8.823238828698336e-19, -7.157508593019203e-19, -5.611969521385829e-19, -4.1573435692629494e-19, -2.7731963797584814e-19, -1.4456932665214215e-19]
1.5988888888888904	4.150929319578971	[6.390628982385966e-19, 1.2233732889074431e-18, 1.8199030157515038e-18, 2.4290417813012993e-18, 3.051195744215882e-18, 3.686788794059384e-18, 4.336263548470273e-18, 5.000082506501195e-18, 5.678729931264022e-18, 6.372718519222442e-18, 7.082629079386727e-18, 7.809375029848253e-18, 8.555964119949037e-18, 9.338995309917035e-18, 1.0261940483482633e-17, 1.197114214073488e-17, 1.8425551349140974e-17, 5.3318168457573817e-17, 2.551089876301136e-16, 1.4138392428858735e-15, 7.930914996332371e-15, 4.374795044419967e-14, 2.360231793469983e-13, 1.2442007183510698e-12, 6.4077144591770924e-12, 3.224065537493008e-11, 1.5849792144398204e-10, 7.613848521658088e-10, 3.574361579771432e-09, 1.640103820827811e-08, 7.357031329008893e-08, 3.226931886333529e-07, 1.3843682265860466e-06, 5.81074760003356e-06, 2.3872877822008853e-05, 9.604589209122724e-05, 0.0003786198627975957, 0.0014634321358210675, 0.005550390745442469, 0.020673452725585465, 0.07566827972613459, 0.2720387964688282, 0.9561879565410318, 3.2225079495822446, 9.733035419411337, 21.68733383873994, 25.3115568651891, 15.022414289836844, 7.196882349216486, 4.111771581383673, 3.213832343687143, 3.2207029498541515, 3.677149911502009, 4.373599513304956, 5.102917170066168, 5.6039976561209786, 5.657213126628113, 5.232155130472423, 4.5002498714196335, 3.6910396636366705, 2.9619364143948173, 2.3735089891124628, 1.9250190634485411, 1.5917829865559272, 1.3458639219790094, 1.163763879587695, 1.027820533708694, 0.9254027274014988, 0.8476805723948898, 0.7885636798824804, 0.7439329906170301, 0.7111463578073141, 0.6887744545758949, 0.6765385638465267, 0.6754444916662143, 0.6881241640943764, 0.7193959755097977, 0.7770130984571196, 0.8724391785242177, 1.0211952385201635, 1.241775138556929, 1.5513813186516474, 1.9563891606230124, 2.437269630845555, 2.9341201563882016, 3.348379076050817, 3.575721760706773, 3.5594313919024176, 3.3221174661355906, 2.946295553053998, 2.5252364536650083, 2.1262244205992156, 1.7821565608203656, 1.500585995119053, 1.2758271883812842, 1.0975185862914474, 0.9550733575475544, 0.8394329032327392, 0.7434635587657482, 0.6618041251152088, 0.5905538852098873, 0.5269577602732067, 0.4691371031208296, 0.4158718479272418, 0.3664264843328651, 0.320410647738476, 0.27766700875725786, 0.2381814352085619, 0.20201209557259733, 0.1692351679358343, 0.13990529987991177, 0.11402914970748333, 0.09155038080422587, 0.0723444567724315, 0.05622152440117274, 0.04293558876356878, 0.03219810336628349, 0.023694058965901977, 0.0170987067081716, 0.012093234669111604, 0.008378044254062274, 0.005682719514039327, 0.0037722895128598174, 0.002449874154107787, 0.0015562033714441304, 0.0009667574491307738, 0.0005873758076367129, 0.00034913993724054125, 0.00020319412560638943, 0.00011597530645464652, 6.512660339780028e-05, 3.620075167422221e-05, 2.013637355908731e-05, 1.1414802023103425e-05, 6.7709902475094886e-06, 4.327693902276719e-06, 3.035783881267393e-06, 2.3254629717211694e-06, 1.8965360462216644e-06, 1.5968630630354903e-06, 1.3551922243609888e-06, 1.1479506573487767e-06, 9.919405660827763e-07, 9.865097151174936e-07, 1.756159182717825e-06, 1.2613428687169385e-05, 0.0001422029207804138, 0.0003849799785232048, 0.00034584490658214274, 0.00019522045232874457, 9.297758823096863e-05, 4.2214117798939466e-05, 1.94780497238261e-05, 9.529529111223847e-06, 5.053345247219983e-06, 2.867186068456688e-06, 1.649055009906472e-06, 8.94349406839695e-07, 4.3317949610281534e-07, 1.8364384754900388e-07, 6.856348359579197e-08, 2.2945326548135305e-08, 7.016493738210328e-09, 1.9930630630633043e-09, 5.326708242041204e-10, 1.3523383667605327e-10, 3.284421499947612e-11, 7.670757749989921e-12, 1.7294720772412888e-12, 3.775574480269672e-13, 8.000468129363866e-14, 1.649790957415077e-14, 3.3271547170676936e-15, 6.678477168222339e-16, 1.4372190000780982e-16, 4.2181644897864985e-17, 2.2288701214499084e-17, 1.785672327656837e-17, 1.6340692307121958e-17, 1.5421324286355973e-17, 1.4686707862451837e-17, 1.4071302652509406e-17, 1.3562339964673631e-17, 1.313475081093355e-17, 1.2725951063142118e-17, 1.22306326228541e-17, 1.1533984735124066e-17, 1.0582422239556246e-17, 9.431451682100994e-18, 8.209561974367088e-18, 7.034555008307963e-18, 5.965742194296375e-18, 5.0109203101778726e-18, 4.153114841967352e-18, 3.370228073566785e-18, 2.643411253529789e-18, 1.9588300633781636e-18, 1.3069660893696453e-18, 6.814318348699814e-19]
1.6077777777777793	4.166800568815203	[-7.465407209487898e-19, -1.4291204610463399e-18, -2.125974680410198e-18, -2.8375585291073416e-18, -3.564346472900932e-18, -4.306833685270322e-18, -5.065537177329561e-18, -5.840996881465965e-18, -6.6337759088454525e-18, -7.444454379802298e-18, -8.273577789291883e-18, -9.121294582878153e-18, -9.984923221594157e-18, -1.0843058804356838e-17, -1.1554273739043094e-17, -1.1226925500090801e-17, -4.392342517893597e-18, 4.1678061363251513e-17, 3.1820859572716775e-16, 1.9160545545160157e-15, 1.09110983326826e-14, 6.034619941113158e-14, 3.256831958468781e-13, 1.7167090454071048e-12, 8.839907522694114e-12, 4.447245866400262e-11, 2.1860791171116545e-10, 1.0500678951161902e-09, 4.929480936478195e-09, 2.2619629887674065e-08, 1.0147378628840649e-07, 4.451521387502589e-07, 1.910177768783151e-06, 8.020492136645529e-06, 3.29665109644732e-05, 0.00013271180973644503, 0.0005235679347214214, 0.0020256828810707866, 0.007692256326531723, 0.02869285187162479, 0.10518232156576994, 0.37852067541590945, 1.3278833903676033, 4.416834095413961, 12.69273241549511, 24.5995113178158, 23.089909363372154, 12.18240161261057, 5.926763859546267, 3.682157936112139, 3.1275458215643144, 3.297210754000671, 3.84802124437664, 4.587626884730785, 5.290821658991952, 5.6884680841738735, 5.598254216144541, 5.0556673204076015, 4.271032351387124, 3.4661541709771506, 2.770475736681922, 2.2220195116700125, 1.8090931269201165, 1.5039283095131744, 1.2790126676402636, 1.112298216220108, 0.9875794098782785, 0.8933924000184319, 0.8217657872554923, 0.76721924399284, 0.7260641842080484, 0.6959671211043039, 0.6757312047814319, 0.6652720628458433, 0.6657881388005085, 0.6801430785909833, 0.713476043556577, 0.774009484944924, 0.8738811311429048, 1.0295004268722951, 1.2603243040422716, 1.5841268450050188, 2.0065036075398686, 2.5045326855740737, 3.011881950365138, 3.42286082128045, 3.6305616561522, 3.5838791975152127, 3.3161440682741223, 2.918419273449878, 2.486383780031085, 2.0850894367467006, 1.743848123406739, 1.46730312026181, 1.2480170234679264, 1.0747853350321306, 0.9367163997948471, 0.8247121952130128, 0.7317086629781954, 0.652446249435114, 0.5831248816907992, 0.5210775148905644, 0.4644986621199288, 0.41222778664602533, 0.36357745772859595, 0.3181960722686059, 0.275957537005755, 0.236872872426589, 0.2010204769492711, 0.16849278743038432, 0.13935753129297124, 0.11363192808906579, 0.09126822551211446, 0.07214892542411239, 0.05608999593654242, 0.04285028682341053, 0.0321452882819386, 0.023663336048309454, 0.01708241760144722, 0.0120859147883274, 0.008375941026279832, 0.005683372659100167, 0.0037741764053531965, 0.00245212167499658, 0.001558364218177724, 0.0009686451609576508, 0.0005889498880233175, 0.0003504309676083335, 0.00020425870059917313, 0.00011687166806037301, 6.590354608588701e-05, 3.689426476389423e-05, 2.0770245940052943e-05, 1.2002849441697147e-05, 7.319616671902946e-06, 4.838194456210209e-06, 3.5062123818565615e-06, 2.7521135401888755e-06, 2.275222948061328e-06, 1.924344841602319e-06, 1.6314752413870899e-06, 1.3813614540399069e-06, 1.213876439860556e-06, 1.3245328451333378e-06, 3.2699864627022943e-06, 3.501888163223556e-05, 0.0002974974098692616, 0.0005511432048224506, 0.00041616668999164844, 0.0002206905278803665, 0.00010331126461067648, 4.712321488939638e-05, 2.2161297335804747e-05, 1.1163464769823745e-05, 6.110625736802836e-06, 3.5443444855487986e-06, 2.0433622263250864e-06, 1.089492346614164e-06, 5.132203909339254e-07, 2.1122919620795656e-07, 7.681845526191842e-08, 2.5166126207075292e-08, 7.569122118692107e-09, 2.1229194015268755e-09, 5.618931226664423e-10, 1.4159052743171714e-10, 3.4189009643286637e-11, 7.948527763777237e-12, 1.7856091868339555e-12, 3.886498537561131e-13, 8.212304663649409e-14, 1.6862760206434702e-14, 3.3569767922100993e-15, 6.363491272555091e-16, 1.0276240997014566e-16, 1.3557390608499144e-18, -1.673679096823921e-17, -1.9175682824621827e-17, -1.8790733162893873e-17, -1.7974190762887758e-17, -1.7175300588925734e-17, -1.6485336433001764e-17, -1.5918832294660088e-17, -1.5448467171160662e-17, -1.4993845573695262e-17, -1.442020133291035e-17, -1.358565685343957e-17, -1.2433689074802462e-17, -1.1046942008751756e-17, -9.590361409220205e-18, -8.204415942481758e-18, -6.953293877638221e-18, -5.840208459935437e-18, -4.8416931153516694e-18, -3.930371730001944e-18, -3.08379233559732e-18, -2.2858158153210512e-18, -1.5254748855458183e-18, -7.95466181806926e-19]
