I_value	Tstar	ystar
1.4200000000000004	3.896966168614697	[4.525272126999968e-19, 8.662831187574761e-19, 1.2886919102334522e-18, 1.7200292901210135e-18, 2.1605828634692267e-18, 2.610652791419634e-18, 3.0705524805859595e-18, 3.540609335435246e-18, 4.021165549608044e-18, 4.512578966669907e-18, 5.0152240616599e-18, 5.529493414639334e-18, 6.05580212511876e-18, 6.5946111245180666e-18, 7.146571019222653e-18, 7.713418327159856e-18, 8.303457777332171e-18, 8.964327971553034e-18, 9.974173836925571e-18, 1.2930344508994204e-17, 2.6800588201087993e-17, 1.0074859833499967e-16, 4.979171273977494e-16, 2.5933054394152493e-15, 1.340098291392915e-14, 6.785032214100244e-14, 3.3575161366715026e-13, 1.623025082450016e-12, 7.663727331612813e-12, 3.534829943314384e-11, 1.592680756516141e-10, 7.010452506147311e-10, 3.0147632598326354e-09, 1.2667518585415509e-08, 5.2013103215427875e-08, 2.087282139176843e-07, 8.187971144559242e-07, 3.140481981086195e-06, 1.1780443667057924e-05, 4.323343280677407e-05, 0.00015529232195986222, 0.0005462222441608397, 0.001882507872953714, 0.006361396154072317, 0.021093040632445412, 0.06866976647578343, 0.2194753456480015, 0.6867826387947742, 2.0809911572712947, 5.892222709025116, 14.119582412368985, 23.2040256113907, 21.29518860452294, 12.568625499549288, 6.84652204679731, 4.448959318521124, 3.705049156198485, 3.724054841793602, 4.127443596332599, 4.700122439080971, 5.239363632669238, 5.540220274462169, 5.470552792373658, 5.043773701006751, 4.396724202904746, 3.6933757899765927, 3.048489346931965, 2.512131902120633, 2.089954119496347, 1.7671856147017198, 1.5238500330834324, 1.3416547496302977, 1.2061189795401916, 1.1066485247158635, 1.0359711743545976, 0.9895243328471856, 0.9649862364204906, 0.9619713425687749, 0.9818355588777179, 1.027487866114219, 1.1030505707189724, 1.2131473716119547, 1.3615569313322644, 1.5490317632111885, 1.7703852304450314, 2.011609507750193, 2.248667912552914, 2.4500202987174333, 2.5838080522669715, 2.62766858907986, 2.576318323434167, 2.4424758455770568, 2.2508661759551303, 2.0292912256606437, 1.8014263160276849, 1.5835165334097623, 1.3844387628646992, 1.2074785450385377, 1.0524243247332252, 0.917270036599419, 0.7993512003242692, 0.6959968455449004, 0.6048466366543663, 0.5239647237067011, 0.4518424073752901, 0.38734671364728007, 0.32964763795131496, 0.27814182718989805, 0.23238187037729616, 0.1920156379376414, 0.1567375442449533, 0.1262521865008333, 0.10024996372271859, 0.07839370013872768, 0.06031484365530855, 0.0456174344470288, 0.03388775265067557, 0.0247074003202751, 0.017667598042751215, 0.012382706832548258, 0.008501408518044212, 0.0057145373141845954, 0.0037591640216158907, 0.002419094717653607, 0.0015223757452786468, 0.0009366489650901577, 0.0005632705289982082, 0.00033102435899366327, 0.00019008149804413714, 0.0001066366303194099, 5.8441991719301174e-05, 3.1288112341797434e-05, 1.6363625869742577e-05, 8.361436502461028e-06, 4.1756743646116114e-06, 2.039584912268256e-06, 9.759773440417863e-07, 4.5916602190979943e-07, 2.1401959334076303e-07, 1.004066391451747e-07, 4.885402934542392e-08, 2.5828553581159435e-08, 1.5569675527972728e-08, 1.086533099299329e-08, 8.506060970906665e-09, 7.112048531180623e-09, 6.131753341924127e-09, 5.4151757664289235e-09, 5.112977300779793e-09, 6.075068765139733e-09, 1.370826276831758e-08, 7.276468718212628e-08, 2.8740835239785625e-07, 3.8759996847602933e-07, 2.5446926227806985e-07, 1.2064643441482083e-07, 5.029465194962166e-08, 2.0219884318574976e-08, 8.243842639044039e-09, 3.507687508371528e-09, 1.5685911558304332e-09, 7.227976555649074e-10, 3.288278170251862e-10, 1.4075698615085196e-10, 5.4794812475526163e-11, 1.915264670566633e-11, 6.032825897603347e-12, 1.732589298909983e-12, 4.598757760426154e-13, 1.1421762458388386e-13, 2.6822259765145462e-14, 6.01101533205976e-15, 1.3011704935854554e-15, 2.8076406741847676e-16, 6.757908632141784e-17, 2.4040075117822573e-17, 1.4925487195057764e-17, 1.2601958782015916e-17, 1.1605495673491085e-17, 1.088633410248711e-17, 1.0247260149441545e-17, 9.651138131884055e-18, 9.089454789828223e-18, 8.557203290977147e-18, 8.047384199290273e-18, 7.549408149168411e-18, 7.049269765507574e-18, 6.5318697014165425e-18, 5.9855134932123555e-18, 5.406872487232265e-18, 4.803212748238765e-18, 4.18977775605738e-18, 3.583737750452304e-18, 2.998564982366491e-18, 2.441586102346139e-18, 1.914617251044526e-18, 1.41598824144402e-18, 9.42486095923209e-19, 4.90626567439087e-19]
1.4200000000000004	3.9054176249613164	[2.357482841880172e-19, 4.512983910874897e-19, 6.7135621393045e-19, 8.960660940842437e-19, 1.1255762411934119e-18, 1.3600445976489603e-18, 1.5996170070278275e-18, 1.8445143609565166e-18, 2.0948647276457305e-18, 2.3508712714740527e-18, 2.6127291603249493e-18, 2.8806434799040345e-18, 3.1548343355203308e-18, 3.435567433170436e-18, 3.723347428177003e-18, 4.0201272236375274e-18, 4.336707363081942e-18, 4.7369451078876074e-18, 5.5955824903653966e-18, 9.06587233714264e-18, 2.7233191010724768e-17, 1.2632510162796167e-16, 6.6065807883227565e-16, 3.4808052841080897e-15, 1.80225575586437e-14, 9.125424809913149e-14, 4.514134248159563e-13, 2.181248532058683e-12, 1.0295331533363145e-11, 4.7467137360415466e-11, 2.1378841263879212e-10, 9.406787275268671e-10, 4.043893520785933e-09, 1.6986487289687472e-08, 6.972814997652859e-08, 2.7975762042856983e-07, 1.0972600457269358e-06, 4.208188644181877e-06, 1.5785795616637177e-05, 5.794009908042627e-05, 0.00020817222049754916, 0.000732529676485313, 0.0025261393100896546, 0.008543365165807582, 0.02835708508962911, 0.09242315044558073, 0.29563862274274116, 0.9242975395291089, 2.781152498691288, 7.674756471402832, 17.088092531489092, 24.168920929410138, 18.88694235840845, 10.449411519991552, 5.853287485079807, 4.08073031166183, 3.6251616721235846, 3.7895577429113456, 4.2696803087773185, 4.863039874504288, 5.36102757041476, 5.5668119797495255, 5.384233040103836, 4.870997532181353, 4.185756859706564, 3.4857862534649477, 2.867020844210556, 2.3635176681065957, 1.9721448414760554, 1.6749144820759936, 1.4515396987514926, 1.2845333241571089, 1.1604586244758814, 1.0696703816244695, 1.0056703111245413, 0.9645135333948414, 0.9443891755371423, 0.945369362973807, 0.9692620161598787, 1.019456191465778, 1.1005889957814454, 1.2177902306172856, 1.3752111666606086, 1.573613727703528, 1.807148191617157, 2.0602167241105604, 2.306330842889754, 2.5112824251480674, 2.641487542607103, 2.6748505149761543, 2.6084603998747458, 2.4584793335950708, 2.2526829540862376, 2.0205925822416066, 1.7862042975281416, 1.5651709392924944, 1.3654286331322296, 1.1893542223251876, 1.036025694163222, 0.9029498944394594, 0.7871605854890226, 0.6858175772489916, 0.5964776549517108, 0.517174523127519, 0.446398857180797, 0.3830326962029945, 0.3262681939946458, 0.27552643044209957, 0.23038405556721972, 0.19051131050250428, 0.15562274123708686, 0.12544071369661738, 0.09967112344979677, 0.07799019887656732, 0.06004089841911134, 0.045437063634584114, 0.03377322740911426, 0.02463783661687683, 0.017627679618817123, 0.01236153919252903, 0.008491510353816992, 0.005710976814001036, 0.0037588438189652047, 0.002420182535491099, 0.0015238703026700094, 0.0009380643985486942, 0.0005644186752776315, 0.00033187312026325926, 0.00019066881322050348, 0.00010702253444767189, 5.868497929598712e-05, 3.14357813821932e-05, 1.6450867310624334e-05, 8.412009943753427e-06, 4.204845590205366e-06, 2.0566909360603218e-06, 9.86483703181441e-07, 4.66144069796012e-07, 2.1912799218031531e-07, 1.0450485333444685e-07, 5.236668548719494e-08, 2.8952469598748705e-08, 1.8387146670494375e-08, 1.3404570733395752e-08, 1.0773991940424712e-08, 9.115419039805027e-09, 7.899577964948973e-09, 7.0430171419726235e-09, 6.905044832373821e-09, 9.327295278694016e-09, 2.796230058146274e-08, 1.6604510436840608e-07, 4.98563026161685e-07, 5.251552094819527e-07, 3.0640898632364195e-07, 1.3880563047257687e-07, 5.7187974874433716e-08, 2.3133708806688484e-08, 9.597229645864158e-09, 4.179676443230801e-09, 1.910609138160635e-09, 8.914745342570596e-10, 4.048569397812317e-10, 1.708045675138324e-10, 6.506847201044392e-11, 2.2223857409790153e-11, 6.853811745102772e-12, 1.9336124431366394e-12, 5.058810329945502e-13, 1.242039073789951e-13, 2.889593001023876e-14, 6.421776485767214e-15, 1.3751527627783876e-15, 2.888959420957745e-16, 6.345469920032266e-17, 1.7952324020765442e-17, 8.786801931833083e-18, 6.745688179021585e-18, 6.075545194553914e-18, 5.675497513184671e-18, 5.340068532437671e-18, 5.0313957726706e-18, 4.741812932656034e-18, 4.4680907637911356e-18, 4.2062376446024804e-18, 3.950215007106465e-18, 3.691998401408714e-18, 3.4229904519014914e-18, 3.1367350344644126e-18, 2.8318119725247737e-18, 2.5129440742011103e-18, 2.1891759484781146e-18, 1.8702108366278482e-18, 1.5632853379294686e-18, 1.2720365209216988e-18, 9.970837648816673e-19, 7.372587800786319e-19, 4.906821920210053e-19, 2.554217112832807e-19]
1.4300000000000004	3.914998187840593	[4.380362053383266e-20, 8.402474860768693e-20, 1.249961028640577e-19, 1.6683348166816599e-19, 2.0956478113534875e-19, 2.5321911505219747e-19, 2.9782688247592217e-19, 3.434198402059021e-19, 3.900311824397958e-19, 4.376956419626677e-19, 4.864497111389476e-19, 5.363326530498859e-19, 5.873927798291463e-19, 6.39728195258671e-19, 6.937478404454564e-19, 7.518071909401141e-19, 8.282157000887593e-19, 1.0090026394833663e-18, 1.8003029808701766e-18, 6.1104751404941225e-18, 3.025653510547115e-17, 1.6361274517405226e-16, 8.840959244248506e-16, 4.686613558799041e-15, 2.4286136700914875e-14, 1.2294334361193744e-13, 6.079219344002901e-13, 2.9361976671152653e-12, 1.3852521018515763e-11, 6.384046714689973e-11, 2.874156459161204e-10, 1.2641594636291912e-09, 5.432607695265618e-09, 2.2812737655162375e-08, 9.361992166755185e-08, 3.7553839221345223e-07, 1.4727402862369265e-06, 5.6480043535727975e-06, 2.118834900056367e-05, 7.778546505477253e-05, 0.00027957619100969257, 0.0009843370067399498, 0.003397143617867008, 0.011500876000119193, 0.0382217449373679, 0.12474270533939458, 0.3993633895250724, 1.2466254322668395, 3.713643570849375, 9.893941661517138, 20.038030387202028, 23.936643230587766, 16.227140053850746, 8.671903617351385, 5.090980080929221, 3.822188580969831, 3.600416309841498, 3.8858013691840174, 4.4250344242753, 5.018762447153919, 5.453828649661002, 5.550861323579925, 5.2571601928999065, 4.671402665153705, 3.964092160000249, 3.2789013742159274, 2.6918385410963372, 2.222769534245221, 1.8617895487872502, 1.5889746929048238, 1.3843489842595469, 1.2314666502613614, 1.1179906487126878, 1.0352108210295106, 0.977369752934843, 0.9411082957442626, 0.9251026977953324, 0.9298694723810359, 0.9576665031551117, 1.0123720174091622, 1.0991561004252928, 1.2236749529123399, 1.390458801286882, 1.6002435494677536, 1.8464057606982254, 2.111557523247838, 2.3665155005655736, 2.5742463122914176, 2.699520274471881, 2.7208585996847607, 2.6381785587713664, 2.4713958125055924, 2.2513704179603873, 2.0091634216054635, 1.768850248331805, 1.5453019059142792, 1.3454109306068271, 1.1706130345753385, 1.0192833805930845, 0.8884651867255913, 0.7749159383730416, 0.6756478536482039, 0.5881511695287425, 0.5104406637700634, 0.441014155868004, 0.37877376745801883, 0.3229370227749245, 0.27295140460757844, 0.22841877881124184, 0.18903238527004598, 0.15452719476939594, 0.12464342731702112, 0.09910243657070604, 0.07759374831009092, 0.05977169302932327, 0.045259767177756934, 0.033660616759882515, 0.024569409324482445, 0.017588396527134825, 0.012340699136756506, 0.008481761207914, 0.005707469032705201, 0.003758529587607242, 0.0024212574537600027, 0.0015253474000781538, 0.0009394641781401429, 0.00056555506358961, 0.0003327140670690233, 0.00019125151851571295, 0.00010740614170184047, 5.892720872502895e-05, 3.158365139886849e-05, 1.653887316593926e-05, 8.46365817548959e-06, 4.235247597768819e-06, 2.07509225773587e-06, 9.982959196964766e-07, 4.7440567072645467e-07, 2.2547600548744416e-07, 1.0978282572406343e-07, 5.6986227038383266e-08, 3.309908833383801e-08, 2.213336710193781e-08, 1.6771074043154167e-08, 1.3764365023068688e-08, 1.1741945557104827e-08, 1.0217361516883753e-08, 9.22879283035731e-09, 9.550150313774907e-09, 1.5371245481464235e-08, 6.248338947521093e-08, 3.637448262944934e-07, 8.030334910566212e-07, 6.859350328328888e-07, 3.6517040276606746e-07, 1.601026849875189e-07, 6.564350278361433e-08, 2.6842275548230248e-08, 1.1367107180689106e-08, 5.073094717963134e-09, 2.3666647703268845e-09, 1.113501811747936e-09, 5.023337283125881e-10, 2.081021483515832e-10, 7.74396596164959e-11, 2.5836834684437663e-11, 7.805393013340554e-12, 2.1649381711229043e-12, 5.58751444659065e-13, 1.3571366594233037e-13, 3.1300703188473255e-14, 6.903333862217763e-15, 1.464458635810792e-15, 3.007998330529579e-16, 6.07252243961558e-17, 1.2750525989803065e-17, 3.39795548953816e-18, 1.5776610655820633e-18, 1.1883681867185468e-18, 1.0666114672926374e-18, 9.961842566186706e-19, 9.37773557860038e-19, 8.8422565423254e-19, 8.339250805303894e-19, 7.85903053483002e-19, 7.388993852338603e-19, 6.91263899757066e-19, 6.412466966528953e-19, 5.875801785240219e-19, 5.300792505212503e-19, 4.698262626377507e-19, 4.0872847391316406e-19, 3.4873283968039257e-19, 2.912148128481194e-19, 2.368051228432945e-19, 1.8555058751034424e-19, 1.3717564393734028e-19, 9.129241561187877e-20, 4.7520553782913e-20]
1.4400000000000004	3.924743206545049	[-1.235681486523572e-19, -2.365516489013831e-19, -3.5227563273798843e-19, -4.696772198441245e-19, -5.89976321399549e-19, -7.128739914118782e-19, -8.384558105896883e-19, -9.668111801859613e-19, -1.0980335355719905e-18, -1.232220552667526e-18, -1.3694742155870802e-18, -1.5098998363382154e-18, -1.65359794619279e-18, -1.800609412732986e-18, -1.950561546313511e-18, -2.100449169490481e-18, -2.2310628261167586e-18, -2.2259730225798646e-18, -1.399503640741398e-18, 4.18751239123457e-18, 3.66256415048903e-17, 2.1685527910746766e-16, 1.1912767546899484e-15, 6.33272267588425e-15, 3.2822208710423455e-14, 1.6610018209607084e-13, 8.209691996961552e-13, 3.963452749841956e-12, 1.8690921281187238e-11, 8.610310344407183e-11, 3.8749285540386015e-10, 1.7037184724022158e-09, 7.319172495362875e-09, 3.072607599452092e-08, 1.260655723894576e-07, 5.056016742562515e-07, 1.982620593056896e-06, 7.603407901122192e-06, 2.8527216195712516e-05, 0.00010475367293263504, 0.0003766614513326412, 0.0013269675935451797, 0.004583476546758128, 0.015534034975335953, 0.05169273723977236, 0.16892713238346527, 0.541083129566746, 1.683929032614194, 4.943165888168131, 12.550451880351066, 22.556335773795368, 22.528957305216387, 13.616562079148121, 7.235182046051477, 4.518181118233006, 3.65140596312051, 3.62062254362813, 4.007149895471123, 4.5897203397185695, 5.165672538689329, 5.520811406454428, 5.50216917405107, 5.104275078876294, 4.4603968027919665, 3.7438011460112914, 3.0804532463805274, 2.527177998670695, 2.0918820171042767, 1.7596269758661889, 1.5094629528235226, 1.3220732844753873, 1.182126322875942, 1.0783517555821707, 1.002914787152701, 0.9507428693742903, 0.9190194508020294, 0.9068790568591786, 0.9152674196599885, 0.9468901702644977, 1.0061245098152833, 1.098692452041939, 1.2307964091320718, 1.407347826917992, 1.6290101769348793, 1.8882554961099909, 2.1656800706025696, 2.4291468444397792, 2.6386570574539645, 2.7574742560618217, 2.7651608952469693, 2.6649570044982793, 2.4808203313407033, 2.2466710057506742, 1.9948775061952468, 1.7493285937410676, 1.5239239255609287, 1.3244209955593216, 1.1512943010950096, 1.0022328281011312, 0.8738449086091569, 0.7626398085882342, 0.6655047781565965, 0.5798800446178423, 0.5037728556360095, 0.435695722747328, 0.37457569944709895, 0.31965870909845256, 0.2704204670469111, 0.2264891078841742, 0.1875814269634681, 0.15345306481263904, 0.12386214946628343, 0.09854543468850646, 0.07720562550208485, 0.059508279826641655, 0.045086399508017884, 0.033550602634562415, 0.024502652431025812, 0.017550158413823683, 0.012320494185199581, 0.008472386784514311, 0.00570417582240722, 0.003758334673271581, 0.0024223969681095785, 0.001526858762629105, 0.0009408820138246111, 0.0005667011571212407, 0.0003335605661777577, 0.00019183777477559767, 0.00010779235676404875, 5.917160301975406e-05, 3.1733471388115834e-05, 1.662871470062673e-05, 8.51707039761868e-06, 4.267358165460841e-06, 2.095150442419109e-06, 1.0117104493576718e-06, 4.842082693383055e-07, 2.332944157973303e-07, 1.1644970656469985e-07, 6.290146711088695e-08, 3.8436444947761255e-08, 2.6954638997935476e-08, 2.1088987135942376e-08, 1.7580828296945795e-08, 1.5081846092247016e-08, 1.3183148076126355e-08, 1.2145284558772205e-08, 1.3596866287569505e-08, 2.7597975510021356e-08, 1.4816565500757933e-07, 7.374294286199158e-07, 1.1986705263263869e-06, 8.624788396883991e-07, 4.280522603615118e-07, 1.834653968615653e-07, 7.526401787319884e-08, 3.122046601813465e-08, 1.3525008457069812e-08, 6.186512350812326e-09, 2.9382151869468566e-09, 1.3880951401671489e-09, 6.195280208003006e-10, 2.5139720504677736e-10, 9.131625717192546e-11, 2.977287925722448e-11, 8.818430681097833e-12, 2.4068986657328664e-12, 6.1331455793638e-13, 1.4746988195598455e-13, 3.3737707054967013e-14, 7.38890791903426e-15, 1.5547540254838245e-15, 3.134952378166464e-16, 5.877714272147422e-17, 8.299374265743067e-18, -1.2814095295834085e-18, -2.9230146325257744e-18, -3.0720317652177545e-18, -2.9542492406748424e-18, -2.7968316335381422e-18, -2.6408246032302612e-18, -2.4931031619693154e-18, -2.3538030325362782e-18, -2.220844745820579e-18, -2.0904827152542564e-18, -1.9576202809507215e-18, -1.8168830893196817e-18, -1.664534278255182e-18, -1.5003492091448886e-18, -1.3280357557873425e-18, -1.1536392426598283e-18, -9.830234959431235e-19, -8.20096333247087e-19, -6.664633884610125e-19, -5.220429951781488e-19, -3.858907879043426e-19, -2.5681026841798194e-19, -1.3367697630241534e-19]
1.4500000000000004	3.9337830856111435	[-1.0675277816678448e-18, -2.0435895876746787e-18, -3.040066455143531e-18, -4.0576057221125635e-18, -5.096885900199483e-18, -6.1587084404234725e-18, -7.24353420881866e-18, -8.352413775656713e-18, -9.486061663043387e-18, -1.0645321957025796e-17, -1.1831077491730784e-17, -1.3044250447467019e-17, -1.4285793369555807e-17, -1.5556616598592715e-17, -1.685710857195581e-17, -1.8184116942767468e-17, -1.9512478854218897e-17, -2.0684800640102005e-17, -2.076953503077498e-17, -1.441214582715315e-17, 2.8407746273725067e-17, 2.719801813656955e-16, 1.5940355147628343e-15, 8.572544505132805e-15, 4.4517770180702424e-14, 2.2530334433846322e-13, 1.1132564787411055e-12, 5.372584989381442e-12, 2.5326780861590574e-11, 1.1663084080292758e-10, 5.247016332217884e-10, 2.306280261668374e-09, 9.905036163971665e-09, 4.157178731982172e-08, 1.7053255444351607e-07, 6.838564418232251e-07, 2.6814750859161015e-06, 1.0283924967766522e-05, 3.858984869156771e-05, 0.0001417430806148506, 0.0005098814272777309, 0.0017973879091822474, 0.006213389639491466, 0.021079521083666022, 0.07022785965658689, 0.22972182726231158, 0.7355448361911678, 2.276740294082858, 6.540592675631271, 15.55422464484044, 24.164978779069944, 20.23196690113997, 11.259936577512493, 6.10609589157977, 4.09697816543057, 3.5509940144887833, 3.6788777028160333, 4.151195808631717, 4.763675879689668, 5.3062100340479175, 5.568371723521474, 5.431453931001695, 4.938050032489775, 4.248539011637102, 3.5316870534194362, 2.8938227984011986, 2.374191137274238, 1.9708396365554126, 1.665137382139719, 1.435698088461658, 1.264024601054019, 1.1358774295929779, 1.0409768992944957, 0.9722858398535026, 0.9253537347960179, 0.8978612229020695, 0.889371499001386, 0.9012437330806541, 0.9366280466531719, 1.0004087366395984, 1.0988763370225247, 1.2387962298465385, 1.4254594602966066, 1.6594058864147876, 1.9320679273363337, 2.2218023806765372, 2.4932800883448425, 2.7034465233505087, 2.8142658964228224, 2.8068116618298067, 2.688121337076934, 2.486403093009659, 2.2385230603285446, 1.9778725526398808, 1.7278818685062538, 1.501311920680763, 1.3027222447272804, 1.1316290678309642, 0.9850664674075752, 0.8592443409725408, 0.7504550655930879, 0.6554843958079589, 0.5717387937966281, 0.49722864385553367, 0.43048787884438044, 0.3704725759966708, 0.3164594418150969, 0.2679537286879286, 0.22461047596605407, 0.18617026580190532, 0.1524094024552485, 0.12310378407454806, 0.09800536075649827, 0.07682978815536126, 0.05925362324200294, 0.04491915994038705, 0.0334447982890442, 0.02443873393272203, 0.017513798586358254, 0.012301509346531283, 0.008463790684791833, 0.005701370516168338, 0.0037584406178910582, 0.0024237192421639087, 0.001528479722084425, 0.0009423649307830564, 0.0005678857002953749, 0.00033442983147001065, 0.00019243769562778267, 0.0001081870261437185, 5.9421506334612366e-05, 3.1887153632186035e-05, 1.6721504472277284e-05, 8.572922672792365e-06, 4.301619729736026e-06, 2.117184190950618e-06, 1.026979721241004e-06, 4.957667466612158e-07, 2.4277398855158924e-07, 1.2467772702515004e-07, 7.026786631792434e-08, 4.510337027824496e-08, 3.2973019683751534e-08, 2.646442634163557e-08, 2.2317575673240675e-08, 1.9229965187470788e-08, 1.6929297658748972e-08, 1.6089062466323682e-08, 2.0190763569917042e-08, 5.4725019210452865e-08, 3.5528096498305807e-07, 1.3559532433981863e-06, 1.664750275885358e-06, 1.044363337484663e-06, 4.914279478970289e-07, 2.0748471980056172e-07, 8.551766862993184e-08, 3.608350096774977e-08, 1.601408223218437e-08, 7.503732671644449e-09, 3.618281549700222e-09, 1.7098188325584748e-09, 7.52603669227833e-10, 2.9869919044742016e-10, 1.0590081554728727e-10, 3.3765879507546e-11, 9.814516240316477e-12, 2.638325367583528e-12, 6.642080599910645e-13, 1.581676209104175e-13, 3.58853012862388e-14, 7.784719575495145e-15, 1.6038626458734993e-15, 2.9703143639838775e-16, 3.137079739533326e-17, -1.976073718925012e-17, -2.8161268421881347e-17, -2.835957747475534e-17, -2.7085999685192032e-17, -2.5616133641220707e-17, -2.4185998427417936e-17, -2.2837866437815573e-17, -2.157589752874824e-17, -2.0391176923715866e-17, -1.9262426792180996e-17, -1.8153738881179728e-17, -1.701650253449627e-17, -1.580011365514279e-17, -1.447104235727517e-17, -1.3030617907539998e-17, -1.1517346452878875e-17, -9.989599900264206e-18, -8.501118344681737e-18, -7.085539414894305e-18, -5.7549375919085935e-18, -4.506622575278125e-18, -3.3309678625109694e-18, -2.216773619941835e-18, -1.1539071717881635e-18]
1.4600000000000004	3.9441703490524165	[1.062237069337348e-18, 2.033417211088127e-18, 3.024932903013244e-18, 4.037406577603194e-18, 5.0715133268125415e-18, 6.127957710446661e-18, 7.207475390999406e-18, 8.3108348799045e-18, 9.438839409077386e-18, 1.0592328972921699e-17, 1.1772182799832591e-17, 1.2979323963261392e-17, 1.4214737479898534e-17, 1.547957573536092e-17, 1.6775820520499962e-17, 1.8110412565234224e-17, 1.9520468370656358e-17, 2.122365700639077e-17, 2.449354723010574e-17, 3.663292133612108e-17, 9.855164037712083e-17, 4.3401626250105804e-16, 2.237955055972886e-15, 1.1739920906953993e-14, 6.064564576504783e-14, 3.064933217335397e-13, 1.5134809382795023e-12, 7.300760098312939e-12, 3.4402433992483075e-11, 1.5836477730834056e-10, 7.122048386697449e-10, 3.1294303548031625e-09, 1.343650891534354e-08, 5.638019487722931e-08, 2.3123719760726674e-07, 9.2718961397967e-07, 3.63553277097663e-06, 1.3944064406660273e-05, 5.2335295690831025e-05, 0.00019230052807404878, 0.0006921225548663575, 0.0024416418450866027, 0.008448834538212815, 0.02869834960452398, 0.0957382994199303, 0.31347906599155895, 1.0027548269415216, 3.0788558331487734, 8.581876787733787, 18.71894814645338, 24.54526181544295, 17.489292747534904, 9.26149064974086, 5.2403419377501645, 3.7994576661648387, 3.5115936464416353, 3.7719698512345055, 4.31302333953544, 4.935706795056909, 5.422141060697827, 5.574910600719817, 5.318896658534999, 4.743027954721667, 4.024522263545384, 3.3196293895240268, 2.7133491283583546, 2.2291376042399027, 1.8573391274746684, 1.5770267770509965, 1.367054256281573, 1.2099976479977284, 1.0927670850838072, 1.0060563248533405, 0.9435885088499185, 0.9014989711505771, 0.8779375056059165, 0.872877953495723, 0.8880854670283628, 0.9271582507637148, 0.995502358525024, 1.1000000767733233, 1.2480024055513195, 1.4451806075431115, 1.691893122723113, 1.9783769367982842, 2.280492429062059, 2.559450682757441, 2.7690527874536506, 2.8702148089169346, 2.846047649765898, 2.707884355724408, 2.4883693866305703, 2.227162554076545, 1.9583715135819078, 1.7046971092588745, 1.4776062160648715, 1.280409302750825, 1.1116740378284498, 0.9678128796012935, 0.8446729568701896, 0.7383591980920635, 0.6455773358044677, 0.563714631556238, 0.49079401522085264, 0.4253766944689916, 0.36645128359304086, 0.31332729039063884, 0.26554058678743303, 0.22277362400498188, 0.18479093126418486, 0.15138943401905483, 0.12236264585614227, 0.09747750352222796, 0.07646238457985753, 0.05900461972043264, 0.04475558659543189, 0.03334128345464036, 0.024376182729419077, 0.01747821136538751, 0.012282930146359764, 0.008455385451898166, 0.0056986385961370605, 0.0037585615216345803, 0.002425031694765605, 0.001530083713071885, 0.0009438318788964275, 0.0005690582179465357, 0.00033529139488161334, 0.00019303356404426863, 0.00010858034650245372, 5.967189672297232e-05, 3.204248651304915e-05, 1.6816634830686723e-05, 8.631492213858736e-06, 4.33877583484976e-06, 2.142164415239007e-06, 1.0451669690333796e-06, 5.101598930435254e-07, 2.5496404792900733e-07, 1.3545865655607167e-07, 8.000067086873316e-08, 5.3925039163113635e-08, 4.091433828889225e-08, 3.3519809385427996e-08, 2.849864739107245e-08, 2.4636701923815006e-08, 2.1909607865482793e-08, 2.1799019855179454e-08, 3.212168243976892e-08, 1.2118796823710324e-07, 8.30380935309713e-07, 2.2934620372685924e-06, 2.2128421575388105e-06, 1.2478172981754616e-06, 5.6485422574974e-07, 2.3669815100617967e-07, 9.850002663026303e-08, 4.242548654124541e-08, 1.9321973830346458e-08, 9.26364957984941e-09, 4.516741573650395e-09, 2.1238700401161107e-09, 9.181778811193771e-10, 3.556647280561984e-10, 1.230220406640652e-10, 3.837667083427416e-11, 1.0955445510032938e-11, 2.903084955137182e-12, 7.227203258050647e-13, 1.7064989231843134e-13, 3.8514342090933106e-14, 8.373172280659896e-15, 1.7791624623993554e-15, 3.8812437664350476e-16, 1.0314110915556563e-16, 4.532589589506276e-17, 3.278401563467354e-17, 2.9070278391050184e-17, 2.709394132551228e-17, 2.551234958747003e-17, 2.4078277440046833e-17, 2.274725621395246e-17, 2.1508345380154677e-17, 2.034954331851631e-17, 1.924737054468581e-17, 1.816236881444291e-17, 1.704115109611731e-17, 1.582893191829991e-17, 1.4491388835779282e-17, 1.303392966444861e-17, 1.1502148575723019e-17, 9.960525640979876e-18, 8.465312517034115e-18, 7.049389952663507e-18, 5.7226545523076004e-18, 4.480325412050021e-18, 3.311360246133499e-18, 2.203798515157882e-18, 1.1471859762595421e-18]
1.4700000000000004	3.9555829866177876	[-3.9992611488862247e-19, -7.655291089484345e-19, -1.1388091830124046e-18, -1.5199793962098182e-18, -1.909293903790686e-18, -2.3070179543039974e-18, -2.7134285054276786e-18, -3.128814879820108e-18, -3.5534794581611576e-18, -3.987738364415918e-18, -4.4319218069126135e-18, -4.886371752952286e-18, -5.351421421623976e-18, -5.8272555628701996e-18, -6.3130096159047176e-18, -6.801127944658151e-18, -7.242903005977256e-18, -7.343047090170875e-18, -5.364451535143264e-18, 8.659290039424684e-18, 9.054309863840741e-17, 5.454437138919585e-16, 3.002148834515755e-15, 1.594806188411958e-14, 8.25603856845926e-14, 4.1727939866051855e-13, 2.0598738240529614e-12, 9.93251024373831e-12, 4.6785169809766836e-11, 2.1528549642611237e-10, 9.67856647529388e-10, 4.251452781216697e-09, 1.8249210164162603e-08, 7.655854349893267e-08, 3.139520769388733e-07, 1.2587753668153242e-06, 4.935883176826591e-06, 1.893458058212249e-05, 7.108760878234235e-05, 0.00026132982631611506, 0.0009412214751337033, 0.003323513265503857, 0.011514281954410174, 0.039168182977645294, 0.13086998304305686, 0.42893988519326876, 1.369601208375166, 4.156124935179836, 11.111820622059728, 21.682325372992857, 23.597608426788423, 14.686912537677108, 7.640338909085699, 4.5917137775902495, 3.6011954760945555, 3.5220909331199572, 3.892297969512369, 4.483786364181546, 5.094697923438831, 5.502938647014214, 5.535230631122331, 5.166393752714701, 4.525319755915042, 3.7947126887122025, 3.112266015110395, 2.541834195003732, 2.093559608735602, 1.7522131505583094, 1.4957683697300372, 1.3038326589937577, 1.1602135883122906, 1.0529798867366638, 0.9737589370309582, 0.9169871904511573, 0.879346234217082, 0.8594268001577418, 0.8575971828974653, 0.8760245236506691, 0.9187636940553771, 0.9917633603519065, 1.102526953972608, 1.2590167037181712, 1.4672783449863052, 1.7274067123186163, 2.02823879197062, 2.342816123560767, 2.6285729270569496, 2.836090567622383, 2.925579395888009, 2.882832240962912, 2.7240423652180135, 2.4864648535484974, 2.212348930829558, 1.9361668447172669, 1.6795975492826012, 1.4526543294606822, 1.2573495512700534, 1.0913143908646807, 0.9503740288315364, 0.8300485516727912, 0.7262845555170362, 0.6357289016880098, 0.55576404233377, 0.48443485020460875, 0.42033577020507396, 0.3624916467541857, 0.31024701672680416, 0.2631696654728372, 0.22097015960672875, 0.18343730880777587, 0.1503887643206899, 0.12163562232043797, 0.09695969549312002, 0.0761019338740575, 0.058760279392314325, 0.044595034457791075, 0.03323965026685036, 0.024314750094941887, 0.01744325179126413, 0.012264677022407673, 0.008447131075934958, 0.005695962768154392, 0.0037586922661872217, 0.002426335098389011, 0.0015316738764283556, 0.0009452865554057243, 0.00057022215067558, 0.00033614816780628046, 0.00019362775122353846, 0.00010897424138368934, 5.992436474311513e-05, 3.220082835084011e-05, 1.6915307203512865e-05, 8.693873775370558e-06, 4.379844416146044e-06, 2.1710472821095407e-06, 1.0671716410677417e-06, 5.282291070794424e-07, 2.7064277565890285e-07, 1.4950023677193502e-07, 9.272927236348773e-08, 6.54452350574917e-08, 5.123198554974097e-08, 4.261912194034006e-08, 3.641255061623026e-08, 3.1560042465970466e-08, 2.848821841514224e-08, 3.0318134561042705e-08, 5.566121494572503e-08, 2.928761555269756e-07, 1.8110849486303832e-06, 3.5777542353974727e-06, 2.8331621077341558e-06, 1.4733924914696407e-06, 6.494214363589174e-07, 2.718913156002119e-07, 1.1475481821863814e-07, 5.060656440995215e-08, 2.3668421128634893e-08, 1.1581850636216678e-08, 5.681549508614813e-09, 2.644564546673185e-09, 1.118997294067756e-09, 4.224908009629236e-10, 1.425968507733244e-10, 4.355860280038561e-11, 1.2225178493293591e-11, 3.1963748913954335e-12, 7.873810284413068e-13, 1.8434458301225747e-13, 4.1287980066788124e-14, 8.88463762255823e-15, 1.837321536362649e-15, 3.596379899415011e-16, 6.026098322944732e-17, 1.8451805692914445e-18, -8.814526879269895e-18, -1.0295890458830255e-17, -1.008113449937491e-17, -9.583774889260339e-18, -9.065094598758071e-18, -8.572607085650066e-18, -8.113693366351972e-18, -7.685622675714516e-18, -7.27909967557286e-18, -6.8777629671801886e-18, -6.459414004355806e-18, -6.001649839561802e-18, -5.4913488448786876e-18, -4.9324843486856404e-18, -4.3453290684754146e-18, -3.756662839663761e-18, -3.188559910821503e-18, -2.6529694572482663e-18, -2.1526840568030398e-18, -1.685062466376245e-18, -1.2453974563564707e-18, -8.288965201022163e-19, -4.3150137305276944e-19]
1.4800000000000004	3.9658883656668262	[-1.1967504193828181e-18, -2.290969647973118e-18, -3.408070414974773e-18, -4.548786378676924e-18, -5.713870052704069e-18, -6.9041240248245605e-18, -8.120373274594811e-18, -9.363484129291561e-18, -1.0634361531265735e-17, -1.1933951674839071e-17, -1.3263243774632817e-17, -1.462326825948806e-17, -1.6015070074883145e-17, -1.7439518294803875e-17, -1.889607049967232e-17, -2.0375028579359993e-17, -2.181024588709536e-17, -2.2797310281634356e-17, -2.0954513609648984e-17, -2.619003862106567e-18, 1.0869823999899257e-16, 7.310213726369244e-16, 4.094689382351422e-15, 2.1817156750503635e-14, 1.1297612463243549e-13, 5.708721463686662e-13, 2.8171354261359815e-12, 1.3579320689528501e-11, 6.394184647558033e-11, 2.941435427126378e-10, 1.3220124587440034e-09, 5.805733862492723e-09, 2.4915966426940798e-08, 1.045114397725951e-07, 4.2854587877730915e-07, 1.7182203538888638e-06, 6.738010424433125e-06, 2.585271414253663e-05, 9.709232866732517e-05, 0.0003570988993433328, 0.0012870050380992457, 0.004548490649869939, 0.015775643200638883, 0.053733301563462774, 0.17975450655971817, 0.5892838336138516, 1.8741065200853089, 5.585778118401683, 14.091258071088543, 23.901492344323987, 21.499373641475557, 12.090295412709846, 6.365519224117122, 4.1152614807060175, 3.480560936882768, 3.5733952151793416, 4.037312310865519, 4.666257018708567, 5.2499609898249755, 5.566274994036293, 5.474610928046016, 5.001569983767144, 4.308343928053951, 3.575042375871228, 2.9185616689712304, 2.3834105288763903, 1.968777397105881, 1.6553326531800754, 1.4205661391203113, 1.244979924977898, 1.113562934132612, 1.0154427352376767, 0.943085799598508, 0.8915677791774707, 0.8580633666171386, 0.8415687082323702, 0.8428254533059393, 0.8643941367189818, 0.9107894095001342, 0.9885165043696933, 1.105721100925114, 1.2709934089138077, 1.4907404074540853, 1.7647088706550993, 2.080141596702098, 2.4069745891925565, 2.6986225374915676, 2.902478633880583, 2.9784791222658185, 2.915740136617309, 2.7357614304124667, 2.480417638481652, 2.1942259223402054, 1.9116408867896029, 1.6530589961649271, 1.4269325557309394, 1.2339721460439856, 1.0709145968204388, 0.9330487114138689, 0.8156108370987482, 0.7144208828045351, 0.6260880388402116, 0.5480033502735222, 0.4782417288758608, 0.4154355357969213, 0.35864840256537434, 0.30726116976216544, 0.260874054907381, 0.2192258261557326, 0.18212942303446528, 0.14942295265657596, 0.12093477426964955, 0.09646124817879044, 0.07575558303010278, 0.05852604520829238, 0.04444160830369034, 0.03314295819789682, 0.02425668565960383, 0.01741054898787404, 0.01224791014220987, 0.0084398389554406, 0.005693899697836253, 0.0037592071106779075, 0.002427875831651661, 0.0015334089112076317, 0.000946828917638907, 0.000571439026752976, 0.0003370371417628444, 0.00019424196417813517, 0.00010938113170397951, 6.018583013930594e-05, 3.236592188444374e-05, 1.7019476139552195e-05, 8.761041263974798e-06, 4.4252756261236695e-06, 2.2040106947377636e-06, 1.0930341153688457e-06, 5.499475332358782e-07, 2.897519109749666e-07, 1.6673080064392263e-07, 1.0837778101551884e-07, 7.958923079647442e-08, 6.385758735054675e-08, 5.37101930665934e-08, 4.604865326727558e-08, 4.010235978649701e-08, 3.712010377015755e-08, 4.3705898772132605e-08, 1.0700150784119594e-07, 7.349494282508512e-07, 3.556952042319733e-06, 5.125739788233361e-06, 3.4658789319442817e-06, 1.6951370040921966e-06, 7.3373089503254e-07, 3.082619160632953e-07, 1.323285518353219e-07, 5.984534344814755e-08, 2.8733462869481704e-08, 1.4311883811083627e-08, 7.035229281278676e-09, 3.2306282038856548e-09, 1.3358470009106148e-09, 4.916168623085998e-10, 1.6204562035721813e-10, 4.852245379125899e-11, 1.3401886473345136e-11, 3.4600820511642493e-12, 8.439312345504697e-13, 1.9602948076237637e-13, 4.3611654776359986e-14, 9.315788418470996e-15, 1.897075067636052e-15, 3.492433511719061e-16, 3.786432536427911e-17, -2.163151046176813e-17, -3.140985309299988e-17, -3.171139495938987e-17, -3.0321183616594353e-17, -2.8708383270928745e-17, -2.714632520404578e-17, -2.5686137671342213e-17, -2.4334062509968947e-17, -2.3078382818234195e-17, -2.1888087965364045e-17, -2.0708900059470383e-17, -1.9467451089158492e-17, -1.809116728960024e-17, -1.6540811414455542e-17, -1.4835300402975548e-17, -1.3045533921080237e-17, -1.1259171583571012e-17, -9.544342595048794e-18, -7.934894417517944e-18, -6.436064313969745e-18, -5.0373669886075626e-18, -3.723125391329097e-18, -2.4782091219091486e-18, -1.2901682948739474e-18]
1.4900000000000004	3.977419978039798	[-4.156108122762949e-19, -7.955897346873018e-19, -1.1835276904425904e-18, -1.579665612358897e-18, -1.9842676370224283e-18, -2.397609428700859e-18, -2.819978820365719e-18, -3.2516764943731724e-18, -3.693016694684154e-18, -4.1443278825037155e-18, -4.6059526911174356e-18, -5.078242761469441e-18, -5.561518980555444e-18, -6.055805354090678e-18, -6.55911915742746e-18, -7.056776193536867e-18, -7.456125134544295e-18, -7.197816910348768e-18, -2.9959639455774914e-18, 2.39841572270067e-17, 1.791335193102493e-16, 1.0381798378952993e-15, 5.671588424458036e-15, 3.006628950609156e-14, 1.5548697342181906e-13, 7.852257668936018e-13, 3.873297029894117e-12, 1.866327516901857e-11, 8.78501045185794e-11, 4.0399327920709305e-10, 1.8151834901552738e-09, 7.969437188870745e-09, 3.4194228783412834e-08, 1.434058301806846e-07, 5.879720981417432e-07, 2.3573782441597067e-06, 9.245168605760796e-06, 3.547905747264875e-05, 0.0001332886658018483, 0.0004904667990677667, 0.0017688708832009788, 0.006257055757260912, 0.021725471941854802, 0.07409029901714599, 0.2480991958958195, 0.8128348516725779, 2.567882513860308, 7.455623076411114, 17.379803996017255, 24.905250794413313, 18.71604199474489, 9.859052177757112, 5.390179837525838, 3.7781129909608553, 3.4272726324294154, 3.664391914263381, 4.206901746408559, 4.856457093551197, 5.391788218426918, 5.5986929264838, 5.379617460085056, 4.8130343021045645, 4.0827140139901035, 3.357791190077419, 2.732425282823016, 2.233572010490005, 1.8516534226645802, 1.564614966817818, 1.3500872301339166, 1.1896683854529062, 1.0695463029111865, 0.9798635642890303, 0.913871683114027, 0.8672387597754274, 0.837597173556606, 0.8243240971493218, 0.8285202269920116, 0.8531349572565923, 0.903148384720844, 0.985638333272202, 1.109416270469922, 1.2837203459263382, 1.5153089213637474, 1.8034979513395353, 2.1337407729585065, 2.4725821687975023, 2.7691912638399505, 2.9678450420772213, 3.0286777655094426, 2.94476250488189, 2.743281303314997, 2.4706523452708744, 2.1732973446943733, 1.8852828239067407, 1.6255004432849176, 1.4007707533510099, 1.2105219259095925, 1.0506487159907174, 0.9159564662565677, 0.8014393121223815, 0.7028191719973347, 0.6166858827318554, 0.5404501058755302, 0.4722230758740011, 0.41067842458126885, 0.3549201806415774, 0.3043660929947551, 0.2586488577391862, 0.21753519743828884, 0.18086179486875315, 0.14848677517180178, 0.12025532109621485, 0.09597792619106188, 0.07541968235027247, 0.05829885026275537, 0.04429279148661707, 0.033049189338202625, 0.024200408097451255, 0.017378891962713458, 0.012231723471014568, 0.008432847083669894, 0.00569197723415862, 0.003759777556394029, 0.002429431119290503, 0.0015351417324480784, 0.0009483645979097049, 0.0005726502011865855, 0.00033792322491045735, 0.00019485622195685768, 0.00010979046932500252, 6.0451471912656936e-05, 3.253632408316579e-05, 1.712962775508993e-05, 8.834538409846736e-06, 4.477157092786317e-06, 2.243386965557749e-06, 1.125156631436008e-06, 5.776826251714656e-07, 3.145579393468017e-07, 1.8927090305851507e-07, 1.288883954200574e-07, 9.809775959333244e-08, 8.031788125681121e-08, 6.811145090511295e-08, 5.8562943752159756e-08, 5.140990992988149e-08, 4.9494874307925666e-08, 6.750788611653933e-08, 2.339792964135595e-07, 1.8343090343766983e-06, 6.353061475405021e-06, 6.9531821906900555e-06, 4.15707048575736e-06, 1.943234414238288e-06, 8.324109129780239e-07, 3.5262274240666066e-07, 1.544988038527029e-07, 7.179546641696533e-08, 3.536322147825093e-08, 1.7863491782402266e-08, 8.754650334325554e-09, 3.94963969239871e-09, 1.5924661490440662e-09, 5.70948791516231e-10, 1.8386391098750044e-10, 5.400734762918075e-11, 1.469035648699858e-11, 3.74751402281182e-12, 9.055114324537379e-13, 2.088089448270479e-13, 4.620843006097116e-14, 9.848854322068513e-15, 2.0216163295855386e-15, 3.938097938816671e-16, 6.617132819065752e-17, 2.553145051813611e-18, -9.034398013397338e-18, -1.0666565790390638e-17, -1.0464957963644886e-17, -9.958603113339392e-18, -9.429960797831401e-18, -8.930853914504935e-18, -8.469593529816122e-18, -8.042881761872652e-18, -7.63908493961269e-18, -7.237370854247734e-18, -6.80964396586397e-18, -6.328723268020157e-18, -5.7812465256573105e-18, -5.1766714603373914e-18, -4.5434700189168766e-18, -3.914654390393616e-18, -3.314365514032165e-18, -2.7534835794243205e-18, -2.2326505727705834e-18, -1.747321639657141e-18, -1.291527424270853e-18, -8.597673428780325e-19, -4.476319818531871e-19]
1.5000000000000004	3.990985909447635	[1.3172741586602735e-18, 2.521731487708472e-18, 3.7513543768789115e-18, 5.006968196745533e-18, 6.289410158565771e-18, 7.599554018464755e-18, 8.938312104728078e-18, 1.0306637485526457e-17, 1.170552630566393e-17, 1.3136020432533942e-17, 1.4599211321135196e-17, 1.6096251232061968e-17, 1.7628412584807738e-17, 1.9197460501478305e-17, 2.080802014405567e-17, 2.2482350492906874e-17, 2.4350430511858235e-17, 2.718622752367832e-17, 3.552364922259156e-17, 7.532761089431406e-17, 2.918049030328077e-16, 1.4777954037579025e-15, 7.859650239841381e-15, 4.1432406355219126e-14, 2.1395065522540793e-13, 1.0797771053828056e-12, 5.3237698576975206e-12, 2.5641826453693976e-11, 1.206535407293724e-10, 5.546546587280652e-10, 2.491358741196874e-09, 1.0935296618216481e-08, 4.691019875141984e-08, 1.9670824812675196e-07, 8.064735189016653e-07, 3.2335871380980152e-06, 1.268369590510502e-05, 4.869044982317675e-05, 0.00018301377977010563, 0.0006739255865883418, 0.002432868808127785, 0.008616567135202589, 0.02996371204090178, 0.10235682256575412, 0.34319667618478517, 1.1232782487635204, 3.5150391645610015, 9.841232395796805, 20.67976823215539, 24.472796174391817, 15.74159048384491, 8.044644933524115, 4.6632346452289335, 3.5530770450022824, 3.429679071493062, 3.7858840100920883, 4.38665620807587, 5.031322065012326, 5.490793103100875, 5.572108645392448, 5.230308618223971, 4.589937680818136, 3.843647841585886, 3.1412663431622216, 2.5536390546792282, 2.092862506780378, 1.7431479621880528, 1.4812317332694678, 1.2855825811823833, 1.1391467034090703, 1.0293647199953748, 0.9473749725235281, 0.8871759096303088, 0.8449917607526745, 0.8188847979550561, 0.808595817499244, 0.8155783558112084, 0.843176763175513, 0.8968563119940296, 0.9843006524548982, 1.1150279903203588, 1.2989539791612026, 1.5431648723733795, 1.846404751740769, 2.1920243510861064, 2.5427330954012306, 2.843104726678236, 3.03438224462906, 3.0775405691916218, 2.9704736682970094, 2.746576265129056, 2.4567681492944526, 2.1489717379648425, 1.856437078952972, 1.5962800611217904, 1.373583820960623, 1.186490017074523, 1.030088701894967, 0.8987460249032749, 0.7872510960767999, 0.6912549482429532, 0.6073463926715321, 0.5329675727104178, 0.4662735249035526, 0.4059837814173656, 0.3512455868801823, 0.3015152774671668, 0.25645898982001236, 0.21587191101407627, 0.17961469235361968, 0.1475655243896772, 0.1195863527736156, 0.0955016824104666, 0.07508833690306779, 0.05807441152041703, 0.04414550215115015, 0.032956150968718984, 0.024144377205811824, 0.017347214323039754, 0.01221539034897947, 0.00842566888682914, 0.005689875735299623, 0.0037601979843042634, 0.002430871753164514, 0.001536793315018459, 0.0009498468417813652, 0.0005738292239193042, 0.00033879245855031624, 0.00019546407381860106, 0.00011020020630843053, 6.0721753498991206e-05, 3.2713881404821684e-05, 1.7248329666364165e-05, 8.917269206469633e-06, 4.538504123271219e-06, 2.292166842276094e-06, 1.1664176968493462e-06, 6.141383068470912e-07, 3.4754131155148276e-07, 2.1933687370340212e-07, 1.5618001598117066e-07, 1.2256887666595453e-07, 1.0188348579195454e-07, 8.67919655417729e-08, 7.471960733966025e-08, 6.633010127575628e-08, 6.76666292706802e-08, 1.1348494025827629e-07, 5.728360060457189e-07, 4.317600351393696e-06, 1.0401989312497603e-05, 9.082548117799079e-06, 4.949255120972319e-06, 2.242924412552496e-06, 9.583505445973653e-07, 4.1160488181470766e-07, 1.8479343972531173e-07, 8.836336325382106e-08, 4.4545397659171333e-08, 2.2690584596330687e-08, 1.1015705801932535e-08, 4.860153975953482e-09, 1.9069431423309023e-09, 6.660077568543089e-10, 2.097195119593208e-10, 6.049883187254668e-11, 1.6224519188151666e-11, 4.0935441036621785e-12, 9.807104302685298e-13, 2.246824551574148e-13, 4.950899378976612e-14, 1.0558512647254539e-14, 2.208888836192419e-15, 4.761292187603379e-16, 1.258421371359562e-16, 5.55420703841576e-17, 4.040655619169036e-17, 3.592977586489074e-17, 3.354086970826219e-17, 3.1634010876143004e-17, 2.991974843919674e-17, 2.834992562338886e-17, 2.6913580518599888e-17, 2.559256130573401e-17, 2.4344961587317353e-17, 2.3097205117578235e-17, 2.17508922976646e-17, 2.02133790121393e-17, 1.8444347551536333e-17, 1.6484933292393028e-17, 1.443887871755733e-17, 1.2418827438746673e-17, 1.050188312101157e-17, 8.718927620638862e-18, 7.067870383522814e-18, 5.531371665812215e-18, 4.088906089304491e-18, 2.7223422209526754e-18, 1.417494234517783e-18]
1.5100000000000005	4.003071969825695	[1.6356660902123753e-18, 3.1311837943993672e-18, 4.657999137183215e-18, 6.216969201059321e-18, 7.80945341575125e-18, 9.436236693197834e-18, 1.1098549774156577e-17, 1.2797576061394092e-17, 1.453455245524634e-17, 1.6310772658599748e-17, 1.8127592151745305e-17, 1.9986443330344264e-17, 2.1888917291506655e-17, 2.383727924976254e-17, 2.583774491812158e-17, 2.7920921745831176e-17, 3.0266406468865424e-17, 3.394420103247259e-17, 4.5220951575517887e-17, 9.997169041307923e-17, 3.987481828980962e-16, 2.036161319480377e-15, 1.0845017546512279e-14, 5.716973291327299e-14, 2.9513326404634245e-13, 1.4890133101072906e-12, 7.339161169723666e-12, 3.533843885916011e-11, 1.6623453178190903e-10, 7.640130958832265e-10, 3.4310618354267825e-09, 1.505766550371183e-08, 6.458831474686369e-08, 2.708311513909427e-07, 1.1104302035605272e-06, 4.453011400001079e-06, 1.7471687541897716e-05, 6.709880893883733e-05, 0.00025235469474397734, 0.0009300039928200533, 0.0033607804029183175, 0.011918402218670965, 0.04150931103582161, 0.14202084450152075, 0.47658834124471483, 1.555803000522835, 4.797155314177265, 12.756817439739699, 23.447131702562725, 22.654084511924733, 12.911030891992263, 6.618319969161467, 4.130926488474366, 3.413159690306863, 3.4746398582808773, 3.931265742207847, 4.575247642484367, 5.196973963068464, 5.564095470255335, 5.515232800682981, 5.061060011860291, 4.363359069877802, 3.6135347446036126, 2.938957894264674, 2.3891706059596522, 1.9642662481616793, 1.6440718828714918, 1.4049038235067077, 1.2262753854204569, 1.0924477193569584, 0.9920139601661867, 0.9170084599285107, 0.8620970233561147, 0.8240023062543453, 0.8011773239297478, 0.793702388212338, 0.8033726132075018, 0.8339281781254492, 0.8913326545432114, 0.9838999395134063, 1.1218844846247096, 1.3158951814739135, 1.5733081386329308, 1.892144529616748, 2.253347318232523, 2.615397150942638, 2.918038914286639, 3.099723628553082, 3.123014561901419, 2.9914357324986196, 2.7449259067874734, 2.4386564636428787, 2.1215421558324, 1.825593675848869, 1.5659398670440823, 1.3458843959961244, 1.1623242318697438, 1.0096087745999283, 0.8817222281831826, 0.7732908917109215, 0.6799230365227081, 0.5982240373075521, 0.5256780305539152, 0.4604898908826401, 0.40142836173812596, 0.34768559772751617, 0.298757276321055, 0.25434319395619015, 0.21426692628005878, 0.17841286290583366, 0.1466789579297226, 0.11894359466086243, 0.09504496863071255, 0.07477133464168474, 0.057860350575373455, 0.04400560701256543, 0.032868298628681396, 0.024091925682701472, 0.01731796736762146, 0.01220068127332205, 0.008419558552456812, 0.0056884656319855734, 0.003761059684327003, 0.0024325905464444844, 0.0015386186478836949, 0.0009514372320700822, 0.0005750759272107577, 0.00033970486749886075, 0.0001961005275831896, 0.00011063002634683818, 6.1007210648371725e-05, 3.290380851504331e-05, 1.7377781858946797e-05, 9.009771728568563e-06, 4.608965847817498e-06, 2.3495417258600834e-06, 1.2157869147363226e-06, 6.581901280352781e-07, 3.875531617516586e-07, 2.5579495588139984e-07, 1.8915914640919244e-07, 1.519705026108907e-07, 1.27612236655206e-07, 1.0895727189385815e-07, 9.401729076592857e-08, 8.511047784549312e-08, 9.491238090522897e-08, 2.1107371154035788e-07, 1.493716373454514e-06, 9.097321874341782e-06, 1.5436791984151267e-05, 1.1257161677867113e-05, 5.721732626457508e-06, 2.539198943528845e-06, 1.08779470475755e-06, 4.7527684659352414e-07, 2.1908801723439225e-07, 1.0778154802315298e-07, 5.54419991491854e-08, 2.834265298900044e-08, 1.3574345479989133e-08, 5.845594614475588e-09, 2.232023995744475e-09, 7.601858979242045e-10, 2.3438605556570836e-10, 6.648783252368523e-11, 1.7598071039957984e-11, 4.395011754024859e-12, 1.044587386166635e-12, 2.378294060223501e-13, 5.215330972399701e-14, 1.1085529981751006e-14, 2.3188109720099727e-15, 5.053004804329944e-16, 1.393307828572444e-16, 6.569223659392342e-17, 4.953286648773391e-17, 4.447753931623678e-17, 4.161488098082809e-17, 3.92802209631692e-17, 3.71765034546186e-17, 3.5256488684635844e-17, 3.350916147940531e-17, 3.191071869981658e-17, 3.0403664039911e-17, 2.888638268956268e-17, 2.72240542425333e-17, 2.5293661879236695e-17, 2.3049502439752674e-17, 2.0558973580503683e-17, 1.796879168227362e-17, 1.5428073195262048e-17, 1.3031908090153728e-17, 1.0813211441422303e-17, 8.763947865188514e-18, 6.858983976969837e-18, 5.0709964087461555e-18, 3.3767328908528735e-18, 1.7584072232278625e-18]
1.5200000000000005	4.016006312036502	[9.472143101979137e-19, 1.813303772248215e-18, 2.6974898436390433e-18, 3.6003652358610104e-18, 4.522531964885221e-18, 5.464618323452056e-18, 6.427280341250483e-18, 7.411203346755677e-18, 8.417103678194032e-18, 9.44573079631368e-18, 1.0497871552104153e-17, 1.1574368478417493e-17, 1.2676231072135962e-17, 1.3805352978399761e-17, 1.4969086669395236e-17, 1.6208791764927783e-17, 1.7773798508842128e-17, 2.1156183074696397e-17, 3.5098507308524085e-17, 1.0963776414641132e-16, 5.243937955249012e-16, 2.8049484619828325e-15, 1.507750773098785e-14, 7.960174284114968e-14, 4.109410451920802e-13, 2.0727135025127856e-12, 1.0212825456043873e-11, 4.915951399988069e-11, 2.311800895670815e-10, 1.0622102035281468e-09, 4.769065148061939e-09, 2.0925476583876103e-08, 8.974423565251553e-08, 3.7628126693988207e-07, 1.5427601738241e-06, 6.187171152377718e-06, 2.42800494171749e-05, 9.327376996416355e-05, 0.00035095334594181343, 0.0012941659656921698, 0.004680543052106438, 0.016615431943506065, 0.05793434998136698, 0.19841083407446597, 0.6655915405870236, 2.1607921406865436, 6.511582206327545, 16.105719741058234, 25.059129354522323, 19.874052410785858, 10.440832014769631, 5.530396462370303, 3.7548751809657435, 3.34710924283442, 3.564143604466899, 4.108457116986629, 4.782764607285304, 5.363519677035408, 5.621224685753144, 5.4366520758738295, 4.877814824818332, 4.135005806177688, 3.3902340088627865, 2.746598990024331, 2.234223324508381, 1.843347155046924, 1.5506618699823, 1.3325507568625492, 1.169665996210606, 1.0475303941854888, 0.955802992758463, 0.8873356065125384, 0.8374008227625638, 0.8031760632600994, 0.7834747051982471, 0.7786962456494557, 0.7909651544715125, 0.8244127919197664, 0.8855044901971136, 0.9831963661360481, 1.1284967928069667, 1.3327192362244957, 1.603505840938403, 1.9380512368686125, 2.3146788929653273, 2.687386031142732, 2.9910052845784802, 3.161517359556964, 3.1637363681391975, 3.007369882846021, 2.7389413667560083, 2.4174612021273525, 2.0923375631680132, 1.7940277572933756, 1.5355816377544143, 1.3185662665015636, 1.1387215638118615, 0.9897387215211576, 0.8652807152086753, 0.759850177600478, 0.6690356208714185, 0.5894714168301296, 0.51868974901116, 0.45494775754180505, 0.397063876923702, 0.3442746781919552, 0.29611425721648843, 0.25231501029586073, 0.2127278541546615, 0.17725995206793305, 0.1458281676331795, 0.11832658394580677, 0.09460646019203688, 0.0744669563674536, 0.057654856579034235, 0.04387138815569767, 0.032784108407403804, 0.024041767407040938, 0.017290108955522975, 0.012186781311431572, 0.008413899271666837, 0.005687294320130634, 0.0037620404602241985, 0.0024343650219845474, 0.0015404688961965097, 0.0009530395636569121, 0.0005763305569550172, 0.0003406251892512025, 0.00019674629731976763, 0.00011107076627536974, 6.13049089876883e-05, 3.310688780640666e-05, 1.752090733049776e-05, 9.116143366224724e-06, 4.693231014254494e-06, 2.4204410493615995e-06, 1.2782200395840314e-06, 7.146835160840334e-07, 4.3923554088636855e-07, 3.0301580044719076e-07, 2.318737819743974e-07, 1.8999429751815517e-07, 1.6083791831940963e-07, 1.376598117353632e-07, 1.1952162305412836e-07, 1.1192636448215827e-07, 1.428714217613142e-07, 4.5457421566853506e-07, 3.976443641733265e-06, 1.7233486850478584e-05, 2.14213673854629e-05, 1.3573661451041014e-05, 6.550335190178125e-06, 2.8687846951382515e-06, 1.2376250226997754e-06, 5.518484436836395e-07, 2.617163435319322e-07, 1.3242591749188547e-07, 6.92867060965123e-08, 3.5379994064328157e-08, 1.6650271843914675e-08, 6.983924083778949e-09, 2.5938205516003246e-09, 8.61754928750219e-10, 2.603130704325481e-10, 7.265063925220374e-11, 1.8986100375350255e-11, 4.694784560711626e-12, 1.1071518575386751e-12, 2.505004972733299e-13, 5.463872032053717e-14, 1.1545611321163982e-14, 2.386330159364911e-15, 4.991990579636399e-16, 1.2051826956577997e-16, 4.552464370652252e-17, 3.004710086682843e-17, 2.5992124043380114e-17, 2.413632845870287e-17, 2.275745012017783e-17, 2.1545704625046566e-17, 2.044978139997582e-17, 1.9459282467312728e-17, 1.855862962060623e-17, 1.771089751774669e-17, 1.6850753572701307e-17, 1.589233738215669e-17, 1.475993688002629e-17, 1.3430594793196636e-17, 1.1953907772969505e-17, 1.0425476793986367e-17, 8.936415110983772e-18, 7.540687357748304e-18, 6.253839410911915e-18, 5.068031168424547e-18, 3.966730764788316e-18, 2.933154468497143e-18, 1.953488688237684e-18, 1.0173722946654238e-18]
1.5300000000000005	4.0320023069291375	[-1.484347861317951e-20, -2.841499720547341e-20, -4.2270450134052475e-20, -5.641876999320306e-20, -7.086939068489961e-20, -8.563215753000284e-20, -1.0071734915883932e-19, -1.161356930194157e-19, -1.3189832624378449e-19, -1.480163529942959e-19, -1.6449756228138163e-19, -1.813236982856166e-19, -1.982977902338624e-19, -2.1404412367802686e-19, -2.19615026232796e-19, -1.5859573081711878e-19, 3.1589917551027345e-19, 3.285960745284558e-18, 2.095261314152158e-17, 1.2312019958731285e-16, 6.996918988295845e-16, 3.876935643379446e-15, 2.0975380113740728e-14, 1.108395758681359e-13, 5.721063241788556e-13, 2.88452740040511e-12, 1.4207212871395447e-11, 6.836038272350368e-11, 3.21360903438875e-10, 1.4760943824401554e-09, 6.6254751423242824e-09, 2.9064493029298833e-08, 1.2463110808583273e-07, 5.225169090445863e-07, 2.1423830682899296e-06, 8.593182498885279e-06, 3.373164907323012e-05, 0.00012964291668305815, 0.00048812244851700724, 0.0018016187246176522, 0.006523470984713984, 0.023191097069307498, 0.08099324986728536, 0.2777556179745155, 0.9312404519009161, 2.999228460063896, 8.751663020821283, 19.644389835667017, 25.15789588234677, 16.745749884620402, 8.429181315734747, 4.725517773195123, 3.5048415659196124, 3.3433187121692445, 3.689080408947048, 4.300412268087591, 4.978057095820476, 5.486469482905016, 5.6136145313724635, 5.29523815674953, 4.652276717434899, 3.8881546173503017, 3.165092950906521, 2.5605864977161974, 2.0881756592693326, 1.7311363036850034, 1.4647793191513871, 1.266378940045564, 1.1180355141437657, 1.0066107926525583, 0.922819081595999, 0.8602939939299745, 0.8148784587955205, 0.7841754934053576, 0.7673391218680556, 0.7650785140030341, 0.7798492765901182, 0.8161889426620808, 0.8810948810254013, 0.9842106052319372, 1.1373494929699612, 1.352558032641373, 1.6376900842076745, 1.9888900917015238, 2.3814163471654965, 2.7642287303312103, 3.0669548495131034, 3.2234838133545187, 3.2018790370295394, 3.0189974667505886, 2.728255260891127, 2.392153259155444, 2.0600267934770886, 1.7603547216515483, 1.503912838673718, 1.2904980421213352, 1.1147320803225282, 0.9697032270845999, 0.8488011944711273, 0.7464398616579602, 0.6582112635874917, 0.5807935630205001, 0.5117761384578736, 0.4494739649614288, 0.3927585228965859, 0.34091279479030845, 0.29351045230831035, 0.2503171275633476, 0.21121138583564866, 0.17612326341490853, 0.1449885021833295, 0.11771677507879345, 0.09417225202418217, 0.07416482740267578, 0.05745024039665494, 0.04373719547358701, 0.032699471965267055, 0.023990952063787374, 0.017261550519615986, 0.012172235620372812, 0.008407695671750601, 0.00568569418044864, 0.0037627023050215815, 0.002435914918012712, 0.00154216994458187, 0.0009545496118577224, 0.0005775338816133423, 0.00034152248981587105, 0.00019738781848925542, 0.00011151924758521081, 6.161769461361915e-05, 3.3329321203264255e-05, 1.7685655541787524e-05, 9.24511703919555e-06, 4.800230894779155e-06, 2.5136250865688666e-06, 1.3620563631298885e-06, 7.913524667981161e-07, 5.095716696731661e-07, 3.671154412198074e-07, 2.894876414501852e-07, 2.408119371079084e-07, 2.0478014018447868e-07, 1.7537040769011896e-07, 1.535727178651007e-07, 1.512737371506028e-07, 2.345256690518153e-07, 1.123614269992668e-06, 1.0114941900121184e-05, 2.9685298735456793e-05, 2.8561225192712567e-05, 1.6290001165509182e-05, 7.585900813552722e-06, 3.3076353922707464e-06, 1.445891987220433e-06, 6.610282694123957e-07, 3.2322208617417597e-07, 1.678769903560048e-07, 8.879943026678832e-08, 4.495945564739703e-08, 2.067597496900615e-08, 8.425102122912518e-09, 3.04242899175914e-09, 9.867920090522445e-10, 2.923792378318922e-10, 8.037698459467477e-11, 2.0760844525608902e-11, 5.087139410927569e-12, 1.1911338462608167e-12, 2.679548314119912e-13, 5.815160413291691e-14, 1.2213442984721264e-14, 2.488637592600231e-15, 4.927897085818138e-16, 9.47793834369283e-17, 1.7511455654544942e-17, 2.8915191697530164e-18, 2.0150609392757681e-19, -2.696460313554747e-19, -3.3755343278534867e-19, -3.3455651772489853e-19, -3.20440206236203e-19, -3.0577238758436267e-19, -2.9217039515639616e-19, -2.7932038464671837e-19, -2.6613961593297295e-19, -2.5115766498082407e-19, -2.3312299344402053e-19, -2.1175628630000894e-19, -1.880298110380745e-19, -1.6361869986868843e-19, -1.4001516186036402e-19, -1.1803251613567536e-19, -9.785010901561232e-20, -7.929241677900393e-20, -6.206986962072252e-20, -4.590575339666068e-20, -3.0579133605356436e-20, -1.59274195024909e-20]
1.5400000000000005	4.046134751591207	[-2.1910937686168564e-18, -4.194460593825924e-18, -6.239722881501486e-18, -8.32821843728861e-18, -1.0461336995198349e-17, -1.2640532829168104e-17, -1.486732343510947e-17, -1.71432940522144e-17, -1.9470101418676672e-17, -2.1849477227946537e-17, -2.428322790502357e-17, -2.6773207541974805e-17, -2.932110983078137e-17, -3.192707829259455e-17, -3.458079634292748e-17, -3.7205879113569506e-17, -3.9321261039512027e-17, -3.802877614071791e-17, -1.633957964108383e-17, 1.22918942512768e-16, 9.22335527727855e-16, 5.339793117197911e-15, 2.9118129556257646e-14, 1.5406291928388505e-13, 7.952134945015083e-13, 4.008531663009177e-12, 1.9738420463051106e-11, 9.495325810286425e-11, 4.46288374745381e-10, 2.049618206806942e-09, 9.198886240268125e-09, 4.0352270655686176e-08, 1.7304212333208603e-07, 7.255807550000197e-07, 2.9757102173804057e-06, 1.1940256854261141e-05, 4.689572840604055e-05, 0.00018037011827298015, 0.0006797742114570066, 0.0025120938035457173, 0.009110027041505894, 0.03244580793337852, 0.11353923857636058, 0.3899422341784637, 1.3055731375635709, 4.154599154742882, 11.580921033165257, 22.879298455825435, 23.676109304603294, 13.692171791324037, 6.850347535193479, 4.138819830244636, 3.3473609656873515, 3.383113733916828, 3.8351916735886284, 4.494368767020361, 5.152017867039344, 5.56644621183065, 5.556506571241118, 5.117756283471036, 4.413229752647122, 3.6459469339405866, 2.953530132517495, 2.3900438048998858, 1.9560380946167608, 1.6302434545932785, 1.387711957278205, 1.2069707264449447, 1.0715990274260958, 0.9697196536721799, 0.8930076857693623, 0.8357979242392045, 0.7944430896248704, 0.7669297305229972, 0.7527260641027791, 0.7528381515402772, 0.7700532269389476, 0.80932968719232, 0.8782268929633753, 0.9871189437109343, 1.1486684885538754, 1.3756662256123702, 1.6760881840125137, 2.044748683766337, 2.4533360151194397, 2.845214190640311, 3.144634580559986, 3.2840080772687483, 3.235833792654798, 3.0250615066764093, 2.712108744648291, 2.362417481730176, 2.0245929564162304, 1.724716293174499, 1.4711382126300439, 1.2618944576351392, 1.0905559922803805, 0.9496792023674901, 0.8324360527463777, 0.7331897076193598, 0.6475599960520855, 0.572283722673924, 0.5050163112159962, 0.4441357461228709, 0.388569521932369, 0.33764868784472724, 0.29098736503939115, 0.24838482822564864, 0.20974741825966212, 0.17502800496668475, 0.14418107275047598, 0.11713169700235466, 0.0937567483304554, 0.07387664170038656, 0.05725586600426844, 0.04361041347855119, 0.03262011638533581, 0.023943842161330307, 0.017235552105890152, 0.012159431672420819, 0.00840265959852275, 0.005684865865523618, 0.0037638682597223713, 0.002437791141636585, 0.0015440814646449212, 0.0009561960575274693, 0.0005788271450247127, 0.00034248114301208867, 0.00019807342278762384, 0.00011200154103615517, 6.195823459504473e-05, 3.3575903810193824e-05, 1.7872309032162342e-05, 9.394448907268126e-06, 4.926341132766806e-06, 2.6247369722211945e-06, 1.4625690614625673e-06, 8.833047537175367e-07, 5.936251457274488e-07, 4.431952590959056e-07, 3.5721175988777447e-07, 2.9983369767871154e-07, 2.5520063163439953e-07, 2.185248617576169e-07, 1.941677073904496e-07, 2.0685878574386267e-07, 4.219343560435621e-07, 3.0208466968209925e-06, 2.289218816685467e-05, 4.569611805930432e-05, 3.5884505849054895e-05, 1.8933392182544354e-05, 8.611355821305526e-06, 3.762261922290314e-06, 1.673717087335518e-06, 7.867169095081368e-07, 3.966572634420068e-07, 2.1072808211145764e-07, 1.1202035596880321e-07, 5.5936252166199014e-08, 2.5070984161559492e-08, 9.924002285071032e-09, 3.4893318197954802e-09, 1.1069106645734296e-09, 3.2226576111921543e-10, 8.739743173993809e-11, 2.233892966234834e-11, 5.429557463395312e-12, 1.2632175100508359e-12, 2.826866558267568e-13, 6.103895815808102e-14, 1.2715584126070174e-14, 2.523780090172853e-15, 4.410353813469849e-16, 2.9721391233509764e-17, -4.701348750262559e-17, -5.86739004202067e-17, -5.811836223904059e-17, -5.546143671340438e-17, -5.260711767847244e-17, -4.9921522879077225e-17, -4.748450689939234e-17, -4.530790798210104e-17, -4.3355138559710317e-17, -4.15211113254823e-17, -3.96179156023394e-17, -3.740518013004816e-17, -3.468925485517636e-17, -3.144536047611639e-17, -2.785029720967419e-17, -2.4178239785562802e-17, -2.0656675965392338e-17, -1.7398353139515106e-17, -1.441898872302845e-17, -1.1684687703843445e-17, -9.148408527172323e-18, -6.767534808569617e-18, -4.508995308513396e-18, -2.3488642334426813e-18]
1.5500000000000005	4.060661110660444	[-8.49146327174791e-19, -1.6255401968753305e-18, -2.418170752401335e-18, -3.2275553922054374e-18, -4.054233793506267e-18, -4.898769190180412e-18, -5.7617496772335564e-18, -6.6437895885643775e-18, -7.545530858653027e-18, -8.467643686073041e-18, -9.4108216925606e-18, -1.0375738790328032e-17, -1.1362749737922968e-17, -1.2369919836462882e-17, -1.3380427463396837e-17, -1.4284001172437315e-17, -1.4398737892446113e-17, -9.630279014252504e-18, 2.400109079772011e-17, 2.235922866442576e-16, 1.3543741817866958e-15, 7.586468473987035e-15, 4.110699739674935e-14, 2.171698159773255e-13, 1.1203254468234953e-12, 5.645352576396619e-12, 2.778992535668987e-11, 1.336494487110241e-10, 6.280120336018748e-10, 2.8836023408684668e-09, 1.2939740213589607e-08, 5.675545947108581e-08, 2.433696528560698e-07, 1.020482644543372e-06, 4.185542723272038e-06, 1.6798045829232432e-05, 6.599529196427025e-05, 0.00025394452846900253, 0.0009576444410609649, 0.0035417857151963696, 0.012857008445388195, 0.045843840475376596, 0.16059416970313836, 0.5515441195389611, 1.838349538484326, 5.733652353736251, 14.95126540977427, 25.066921678038323, 20.94010034027005, 10.982937429938284, 5.650502110155665, 3.7260793489536312, 3.2701470218395903, 3.4715860599968695, 4.018964538713135, 4.716447098228778, 5.338966005639503, 5.6430905066214, 5.489169620199644, 4.935489080734227, 4.179172242769123, 3.4149304401974483, 2.7542579985869122, 2.2298830190735393, 1.8315128569737957, 1.5344480926850663, 1.3138187832343398, 1.1493840242612265, 1.0260745780870972, 0.9331444944610436, 0.8631274601148587, 0.8109864754676201, 0.7735338607037584, 0.749105376603223, 0.7374595928744291, 0.7398825068117412, 0.7594809613493575, 0.8016266472602598, 0.874438431742052, 0.9890242355967527, 1.1589024021003391, 1.3976053280095104, 1.7131908575834498, 2.0990257081970136, 2.523032620422143, 2.9228342825584765, 3.2174732950315543, 3.3384916872015378, 3.263532052247707, 3.025850532553546, 2.69242563802784, 2.3309603075522407, 1.98886145944627, 1.6896760705777285, 1.43940702938854, 1.234473843900267, 1.067526988295886, 0.9306818894782032, 0.8169475142928024, 0.7206656736503871, 0.6374978205454841, 0.564244557844727, 0.4986280373171166, 0.43908784263050193, 0.3846052536100358, 0.33455698395150735, 0.2885953326881994, 0.24655120074419828, 0.20835697775804807, 0.17398692080673803, 0.14341306311330368, 0.11657490721189748, 0.09336123332888946, 0.07360233905848379, 0.05707095122396719, 0.04348994165864931, 0.03254487242116239, 0.023899342901329335, 0.017211164979780844, 0.01214759216243466, 0.008398182450388553, 0.005684351400708521, 0.0037652061746549677, 0.0024397613594401243, 0.0015460469449816046, 0.0009578778173342219, 0.0005801483873745668, 0.00034346591494481527, 0.00019878557630913425, 0.00011251149221856753, 6.232748153129971e-05, 3.385189757024668e-05, 1.8088657038064604e-05, 9.573344619794523e-06, 5.081499612337868e-06, 2.764023986694129e-06, 1.59004603094048e-06, 1.000687024165942e-06, 7.012660837056697e-07, 5.407388095894868e-07, 4.4405546849204445e-07, 3.755565334766178e-07, 3.2019169314452554e-07, 2.7536104041319205e-07, 2.5186547614320706e-07, 3.0394386237250417e-07, 8.929633290062209e-07, 8.552022905979573e-06, 4.6114262288302574e-05, 6.496602294953072e-05, 4.354824808346828e-05, 2.1676843054945682e-05, 9.706038616843533e-06, 4.266221914107164e-06, 1.9370679536289048e-06, 9.379776932529559e-07, 4.876336622717358e-07, 2.6422726327063613e-07, 1.4052347240942337e-07, 6.89390813456233e-08, 3.005541498260553e-08, 1.155196145251769e-08, 3.9559165875109135e-09, 1.2279369302807192e-09, 3.5140903242814557e-10, 9.40348657272464e-11, 2.3787190109946963e-11, 5.734941283637142e-12, 1.3258310003166543e-12, 2.9524465238861026e-13, 6.35357414434875e-14, 1.3233879128173443e-14, 2.6593109446946738e-15, 5.022833059035347e-16, 7.524111247839113e-17, -6.229519114655462e-18, -2.0518217346243493e-17, -2.2113102706769336e-17, -2.1418090855437872e-17, -2.0380304762543702e-17, -1.9363406532700624e-17, -1.8438971846634803e-17, -1.7618905927369e-17, -1.6888754822325787e-17, -1.6203359715439255e-17, -1.548180867491987e-17, -1.4622257405242236e-17, -1.3546885415717525e-17, -1.225371603206868e-17, -1.0824903518341037e-17, -9.37668362157563e-18, -7.99905216877795e-18, -6.732275330067551e-18, -5.578194336063964e-18, -4.520739527574295e-18, -3.540192787883369e-18, -2.61947023841832e-18, -1.7456349822908103e-18, -9.094694593492233e-19]
1.5600000000000005	4.0792666452858635	[1.6297849195862235e-19, 3.120221639156034e-19, 4.641674650898062e-19, 6.195287097576244e-19, 7.782094891156112e-19, 9.403179164268731e-19, 1.1059668813716383e-18, 1.275274342703879e-18, 1.448363798195638e-18, 1.6253659137256773e-18, 1.806428153492123e-18, 1.9917789822124006e-18, 2.1821560704915517e-18, 2.381605018784286e-18, 2.61534632226221e-18, 3.041125337692032e-18, 4.626591319587391e-18, 1.3171467922360695e-17, 6.261888130721507e-17, 3.4692485860103815e-16, 1.9481522577836834e-15, 1.076014936884167e-14, 5.812630975417365e-14, 3.0678899880929075e-13, 1.5817862159626644e-12, 7.967086099013911e-12, 3.9202749909031266e-11, 1.8846452200424504e-10, 8.852744337744399e-10, 4.063593897936117e-09, 1.8230016673256224e-08, 7.994335588402037e-08, 3.427575318875227e-07, 1.4371817863076152e-06, 5.895099343586547e-06, 2.366401680491435e-05, 9.30037943287082e-05, 0.00035806676319684896, 0.001351321939349276, 0.005002756946561398, 0.01818298863727947, 0.06492571463525855, 0.22771119805418213, 0.7817100024040239, 2.5874179023984674, 7.83846930819388, 18.65385794180938, 25.682097044816693, 17.671243276812884, 8.775238868248833, 4.771314360289945, 3.4540070718020104, 3.262258417560657, 3.6019527127249997, 4.225690398480288, 4.9358357166689855, 5.490630135473624, 5.659496461918758, 5.359801271675432, 4.710215195609141, 3.9259945548006776, 3.1818238166247217, 2.5612058680592584, 2.078426200692361, 1.7153857492607107, 1.4457842036708641, 1.2456675674951945, 1.0963269446151345, 0.9841090260723411, 0.899378369855879, 0.8354849018441725, 0.7879790783144613, 0.7541005446185538, 0.7325115957295427, 0.7232479010746645, 0.7278718733889686, 0.749817640783462, 0.794891675857542, 0.8718102910686625, 0.9924686624963076, 1.1712967809970114, 1.4225875651569844, 1.7543820216162793, 2.158278700337389, 2.5978653103377907, 3.004438264746609, 3.2917574847269617, 3.3912986389273208, 3.2871147288026545, 3.0215612266756784, 2.6680550318041347, 2.295907968338727, 1.9507221714280045, 1.653194782068024, 1.4069075335145127, 1.2067073808367612, 1.0443971462974229, 0.9117150099662029, 0.8015522998128599, 0.7082586571936816, 0.62755489811967, 0.5563158472486811, 0.4923363788885706, 0.4341210661723069, 0.380706852661077, 0.33151711735690564, 0.28624282305968785, 0.24474667559645027, 0.20698710604324158, 0.1729596388826408, 0.1426536708941084, 0.11602291294769933, 0.09296782501854813, 0.0733283624971795, 0.056885281669438126, 0.04336814934848585, 0.032468100897903696, 0.023853340853340923, 0.01718543387053692, 0.012134630274206942, 0.008392819025132676, 0.005683171570815366, 0.0037660689144964846, 0.002441410300241788, 0.0015478095444541012, 0.0009594438904506346, 0.0005814156839343754, 0.00034443888414692936, 0.0001995136789876209, 0.00011305498501851328, 6.274091319185856e-05, 3.4178067397694214e-05, 1.8358081449407527e-05, 9.806135377480309e-06, 5.289912740917941e-06, 2.9548346387677788e-06, 1.7664385132799537e-06, 1.1636294916625827e-06, 8.504623516416975e-07, 6.752907277000766e-07, 5.629868629003552e-07, 4.784007025274865e-07, 4.0802385020919084e-07, 3.5331840072099805e-07, 3.380761471532886e-07, 4.903881130970475e-07, 2.2271520661953038e-06, 2.3520245209837243e-05, 8.365242086037325e-05, 8.839536272112921e-05, 5.265719482852813e-05, 2.5173551242136913e-05, 1.1198907209925194e-05, 4.98371706743487e-06, 2.321014690289172e-06, 1.1609225782832441e-06, 6.213805886627229e-07, 3.41341195477282e-07, 1.8019568819633505e-07, 8.632056159345147e-08, 3.649370474251253e-08, 1.3610831831329727e-08, 4.5422911113970115e-09, 1.3810571735852274e-09, 3.8889957206639495e-10, 1.0277672834150805e-10, 2.5748456509527007e-11, 6.161126806630775e-12, 1.4159288198084007e-12, 3.138455538975247e-13, 6.731231868579583e-14, 1.4007657997222893e-14, 2.837049024967868e-15, 5.629883486728615e-16, 1.1226378253989371e-16, 2.4989495673606058e-17, 8.313612837180474e-18, 5.033930237104349e-18, 4.251675303802944e-18, 3.9383362172351874e-18, 3.7254017466739195e-18, 3.54812537436279e-18, 3.3948986561371978e-18, 3.2601407682334088e-18, 3.1337061391276545e-18, 2.9982048928176443e-18, 2.832265119273558e-18, 2.62057049704617e-18, 2.3646280801159716e-18, 2.083153256319992e-18, 1.800359260739665e-18, 1.533657355858661e-18, 1.2899389522737795e-18, 1.068672117798976e-18, 8.6620815026054e-19, 6.7849615695668e-19, 5.021657262087515e-19, 3.347222095720271e-19, 1.7441326178121083e-19]
1.5700000000000005	4.0954231643813515	[-4.3201602637654715e-20, -8.269507867335142e-20, -1.230180717734376e-19, -1.6419338479670856e-19, -2.0624847230514312e-19, -2.492119865741564e-19, -2.9311383942621615e-19, -3.3798523812134167e-19, -3.8385850244079667e-19, -4.3076528291402687e-19, -4.787235548164148e-19, -5.276478791189329e-19, -5.767478180160421e-19, -6.20594048411119e-19, -6.240102704819359e-19, -3.656489010318017e-19, 1.513250502579481e-18, 1.3155189152040438e-17, 8.219960451223165e-17, 4.807760619427497e-16, 2.7265863610533327e-15, 1.5083838679439164e-14, 8.148901700157397e-14, 4.3001169482546305e-13, 2.216606011223773e-12, 1.116216420831457e-11, 5.4914597675030463e-11, 2.6396177149789904e-10, 1.2397976196297551e-09, 5.690757100384753e-09, 2.553078380433805e-08, 1.1197303207167969e-07, 4.801935209626666e-07, 2.0141542408696646e-06, 8.265869643116204e-06, 3.3203222037516906e-05, 0.0001306111203131186, 0.0005034334156297941, 0.0019026754154752835, 0.007056489356075382, 0.025701956086112913, 0.09198928973292499, 0.3232834116562558, 1.1094051671196536, 3.6363612724689856, 10.57402845320411, 22.273557564172155, 24.56216216330173, 14.405463582917905, 7.047560292791406, 4.133860489949659, 3.2813911464445704, 3.2984753580553328, 3.7499332892650523, 4.425797938142558, 5.118432727323228, 5.576986895333465, 5.601254182034444, 5.172981663609733, 4.457946218978615, 3.6715244152377657, 2.961290346579859, 2.385075396372147, 1.9432527129014727, 1.6131124081382835, 1.3683204894278944, 1.186414451708449, 1.0503386711409943, 0.9478111642004515, 0.8702214139477734, 0.8116543923207673, 0.7681837890956833, 0.7374303657224388, 0.7183528986436677, 0.7112487487418281, 0.7179559447207451, 0.7422513942351439, 0.7904110056019156, 0.8718042399542981, 0.9991854603242941, 1.1879607313205967, 1.4531783402031755, 1.8026728914493326, 2.225768359797552, 2.6808989224353375, 3.092287025182257, 3.368465758508284, 3.4420876299570926, 3.305333841142122, 3.010597062448515, 2.6374605479408735, 2.2559700294496303, 1.909165805640406, 1.6145139571479086, 1.3730847605787413, 1.1781984445976557, 1.0208904097234446, 0.8925930151117257, 0.7861319683349807, 0.6958993160662403, 0.617697222683462, 0.548488460327447, 0.48614917452782624, 0.42925429081519034, 0.376899818505517, 0.3285579791368103, 0.28395979220104994, 0.2430006442448229, 0.2056655337590487, 0.17197153833210743, 0.14192553906845742, 0.11549546491822044, 0.09259339375956523, 0.0730688342871419, 0.05671044607991366, 0.043254357875135326, 0.032397148412352354, 0.023811506938601377, 0.017162643583568494, 0.012123712964640354, 0.00838885747429868, 0.00568294117981715, 0.0037675685651779784, 0.0024434844026164923, 0.0015498566451326913, 0.0009612028862364539, 0.0005828174683386941, 0.000345509770398599, 0.00020031718979229, 0.00011366016287346063, 6.320760307768297e-05, 3.4552105523045804e-05, 1.867158743781765e-05, 1.0079931375773543e-05, 5.536419867316704e-06, 3.180669599215353e-06, 1.97444817925466e-06, 1.3543673087380756e-06, 1.023224209600014e-06, 8.288669547331769e-07, 6.963167874519734e-07, 5.914121787830315e-07, 5.032605275156349e-07, 4.4027008942285067e-07, 4.5153325825408747e-07, 8.547715162869226e-07, 6.134353040896991e-06, 5.710323796948905e-05, 0.0001334052450741244, 0.00011239505938323707, 6.143424596178265e-05, 2.861396234881401e-05, 1.274792500017946e-05, 5.775969262924387e-06, 2.769538107487113e-06, 1.4316995204879161e-06, 7.857809583511572e-07, 4.343839491885243e-07, 2.2606432218775434e-07, 1.0537294384987799e-07, 4.319370946073007e-08, 1.5660870805351546e-08, 5.106126621294109e-09, 1.5244150464290093e-09, 4.2329895836683445e-10, 1.106767099196058e-10, 2.7500650738884057e-11, 6.538611886686073e-12, 1.4951997649204957e-12, 3.301048134155532e-13, 7.057049823703563e-14, 1.4642372854509105e-14, 2.953646892942971e-15, 5.795440859627343e-16, 1.1010548422861429e-16, 1.9620110744194825e-17, 2.622634905700458e-18, -4.616258412725549e-19, -9.71258631568881e-19, -1.0168278666043644e-18, -9.838853441861322e-19, -9.420256062322642e-19, -9.035484375220253e-19, -8.695622574500139e-19, -8.375197319104607e-19, -8.023461040725224e-19, -7.578758617071418e-19, -7.000288217989707e-19, -6.298639556017102e-19, -5.532265607678565e-19, -4.770171904438824e-19, -4.058063028944713e-19, -3.4113864206664157e-19, -2.826173580238344e-19, -2.2912644854407684e-19, -1.7952827284836828e-19, -1.3291121397919375e-19, -8.861484187764334e-20, -4.618144015505977e-20]
1.5800000000000005	4.111700820307374	[1.4912424580254052e-18, 2.8547213671861217e-18, 4.246713633816324e-18, 5.6681288839688395e-18, 7.119914881629713e-18, 8.60306076181376e-18, 1.0118599332151716e-17, 1.1667609573431658e-17, 1.3251219628018013e-17, 1.4870612264053573e-17, 1.6527046592086733e-17, 1.822198967500121e-17, 1.9957979690562807e-17, 2.1744248843182037e-17, 2.3632579110906304e-17, 2.5940587819014932e-17, 3.06090822240894e-17, 4.9256240518774995e-17, 1.4982566693140661e-16, 7.202948110408259e-16, 3.923764764021308e-15, 2.1535116914394737e-14, 1.1613656686286492e-13, 6.12493748983786e-13, 3.156224211464425e-12, 1.5889649461958352e-11, 7.8154725454645e-11, 3.7559871563510844e-10, 1.7638658416576928e-09, 8.095345151953206e-09, 3.6316357702724054e-08, 1.592760901438182e-07, 6.830985107801928e-07, 2.865670174471518e-06, 1.1763374131935953e-05, 4.726997300619725e-05, 0.0001860412108362288, 0.0007175777945851986, 0.0027144155745837607, 0.010078146073809387, 0.036755558935579594, 0.13172101959507593, 0.4631189752498134, 1.583798320259674, 5.100945933953648, 13.94571846192415, 24.992802707782737, 21.89990123153616, 11.462493528903803, 5.740546186609425, 3.6882737806361616, 3.1952610238801715, 3.3867127656699845, 3.939396801992596, 4.659408891245619, 5.320486330552213, 5.66621063599619, 5.537947619181265, 4.985694055329234, 4.214227911325104, 3.4307896394591224, 2.7544685067807646, 2.2198245661831604, 1.8155853549757268, 1.5155023083804184, 1.2934527228465995, 1.128366056063217, 1.0046608439317637, 0.9112669043199347, 0.8404808076657986, 0.7870419458956636, 0.7474936409256123, 0.7198020158167306, 0.7031976200428948, 0.69822118418784, 0.7069714197246626, 0.7335548177503649, 0.7847048390865486, 0.8704341354934926, 1.0043488429462302, 1.2028235255731798, 1.4816413576192335, 1.848368959889864, 2.28992672766178, 2.7594472183534835, 3.174125282803315, 3.4377755191476664, 3.4850777516169416, 3.3168511869448998, 2.995171792318725, 2.6048892800612045, 2.2160399057682163, 1.8688396864863712, 1.5776207742560882, 1.341164091760813, 1.1514651279233283, 0.9989292072566072, 0.8747615093020161, 0.7717610819170392, 0.684378319864994, 0.6085006955908855, 0.5411772838750563, 0.4803616308750133, 0.4246945825736647, 0.37332697461297665, 0.325776120257054, 0.2818099111364307, 0.24135377622570622, 0.20441713051193944, 0.17103687090249262, 0.14123597699849136, 0.11499549514344563, 0.09223825107763979, 0.07282262160596234, 0.056544631715519246, 0.04314655133215398, 0.03233007508968256, 0.0237721238975141, 0.017141359863145023, 0.012113696036502456, 0.00838542029755627, 0.005683011240049756, 0.003769241832160862, 0.0024456648323100665, 0.0015519775990098308, 0.0009630224305152719, 0.00058427621729091, 0.0003466383540815154, 0.00020118055591018813, 0.00011432736035414213, 6.373787108460742e-05, 3.499046561385027e-05, 1.904931248433418e-05, 1.0417024872419706e-05, 5.8445202093361955e-06, 3.4656369596288104e-06, 2.238389881652421e-06, 1.597116368920698e-06, 1.2434003603928243e-06, 1.0247009569606205e-06, 8.664863952063842e-07, 7.363376283767433e-07, 6.279572097372654e-07, 5.629028052335269e-07, 6.479630636009068e-07, 1.77550660791142e-06, 1.8400904222260723e-05, 0.0001224199193887319, 0.00019439693077812217, 0.00013737513983421546, 7.042913817560406e-05, 3.2231712397161536e-05, 1.4439047934531536e-05, 6.679910493816032e-06, 3.304550261495768e-06, 1.76579356980964e-06, 9.909590911411746e-07, 5.486944955872691e-07, 2.803775390479983e-07, 1.2690628002465466e-07, 5.041635213067316e-08, 1.7775105134079395e-08, 5.6641954046394126e-09, 1.660871363394319e-09, 4.5482061522075976e-10, 1.1764933352158972e-10, 2.8990950470614132e-11, 6.84826370589608e-12, 1.5580260220842525e-12, 3.4261702394624804e-13, 7.305130996860309e-14, 1.516146471656325e-14, 3.0943616992270963e-15, 6.467120381547024e-16, 1.614532055093543e-16, 6.598418161458273e-17, 4.609634777554548e-17, 4.0617390327796145e-17, 3.7932525797554025e-17, 3.589984380608621e-17, 3.4148808932506745e-17, 3.2628854702235185e-17, 3.132948898600442e-17, 3.020779016862508e-17, 2.914997225793814e-17, 2.795859533058153e-17, 2.6402733719916976e-17, 2.434273061486895e-17, 2.1840300786307448e-17, 1.9127767459146287e-17, 1.6457774912958974e-17, 1.39846077825883e-17, 1.1751371454333133e-17, 9.735947283228436e-18, 7.89521453194895e-18, 6.188058849460806e-18, 4.582559035026959e-18, 3.0560119433622403e-18, 1.5928641158129319e-18]
1.5900000000000005	4.133053472298929	[2.748019731692758e-19, 5.260595377825104e-19, 7.825717203699758e-19, 1.0445058826226758e-18, 1.3120366758333729e-18, 1.585346376272414e-18, 1.8646253177025763e-18, 2.150072415496575e-18, 2.4418961838687e-18, 2.7403190984060915e-18, 3.045605160157489e-18, 3.358245662266154e-18, 3.6801990415709794e-18, 4.022986975921216e-18, 4.4593186384343114e-18, 5.444430311672706e-18, 9.768523544771354e-18, 3.413604691289854e-17, 1.7619587135325084e-16, 9.932792832586128e-16, 5.591142736765509e-15, 3.086766943830004e-14, 1.6658957883910007e-13, 8.78373027134863e-13, 4.5244525310655725e-12, 2.2767957142723878e-11, 1.1193928297949568e-10, 5.377496795615131e-10, 2.524441964979286e-09, 1.1582382703898585e-08, 5.194585832864055e-08, 2.2777909907987564e-07, 9.767775257805241e-07, 4.0975905834208684e-06, 1.6821811397271766e-05, 6.761164789077188e-05, 0.00026619925359795395, 0.0010273170349677256, 0.0038889770126552515, 0.014452782716882707, 0.05276750010896848, 0.1892744991641562, 0.6651226466913791, 2.260145538832659, 7.086782040613489, 17.761603722671815, 26.088460547873645, 18.49720536675676, 9.065794079085212, 4.79416423913263, 3.398302532671896, 3.1855454740214317, 3.524110538265462, 4.1625704738054905, 4.905122515756865, 5.5037295734316345, 5.7096140603712335, 5.422991921960143, 4.762181339560076, 3.9555665125179607, 3.1901785297473344, 2.5546110149028927, 2.0630407059546587, 1.6955175473131316, 1.4239609375854367, 1.2231812157603859, 1.0737163942276076, 0.9614721535937721, 0.8765405113310961, 0.812067616991986, 0.7633989331625085, 0.7275112170266019, 0.7026906516778636, 0.6884233659166451, 0.6854853874882296, 0.6962364776151297, 0.7251233404363561, 0.7793609975441521, 0.8696456482664232, 1.0104901509430138, 1.219289870796234, 1.5125616120757739, 1.897451054907695, 2.3580621527579577, 2.8415907779605116, 3.257742761340981, 3.5059505191793985, 3.5241539539268474, 3.3230444646280914, 2.9746482345668066, 2.568444380413759, 2.1736618811896338, 1.8272247256493237, 1.540211765174567, 1.3091749226874743, 1.1248894630147799, 0.9772194785112777, 0.8572031489623194, 0.7576491137231258, 0.6730863929789833, 0.5994984813055083, 0.5340261019818474, 0.47470266398042626, 0.4202358999267291, 0.36983168638665403, 0.32305227818032695, 0.27970211995502736, 0.23973629248730105, 0.20318821378750665, 0.17011418909308867, 0.14055290242702426, 0.11449814957242559, 0.0918831686650123, 0.07257490605802797, 0.05637649324278243, 0.0430361232475624, 0.032260428927555956, 0.0237304236918093, 0.017118117719521358, 0.012102109493051655, 0.00838078519287198, 0.005682211152796795, 0.003770317140572553, 0.002447462512775754, 0.0015538789040691924, 0.0009647413157683524, 0.000585718096388835, 0.00034780708056376757, 0.0002021214993578628, 0.00011509569921265884, 6.438322875885063e-05, 3.555125024801234e-05, 1.9552196052001295e-05, 1.0878694090757768e-05, 6.274079790836957e-06, 3.866876972178058e-06, 2.6116288332049023e-06, 1.940600642975328e-06, 1.554374486247062e-06, 1.3003522930214125e-06, 1.105120090957822e-06, 9.395522601773194e-07, 8.059718763106463e-07, 7.527942412273667e-07, 1.0332548182960574e-06, 4.474207538298502e-06, 5.469731695907503e-05, 0.00023375420158517582, 0.00026969397509000033, 0.00016726948902316498, 8.19866986764231e-05, 3.7201761688408965e-05, 1.685732552990411e-05, 8.000883142323705e-06, 4.0954954558242394e-06, 2.259883087559049e-06, 1.289396723528169e-06, 7.094865318755556e-07, 3.5371860098078477e-07, 1.549576197864197e-07, 5.960957316285645e-08, 2.044339815410119e-08, 6.371676903170649e-09, 1.8363755229550909e-09, 4.962367010393304e-10, 1.2704907288324748e-10, 3.105716586158143e-11, 7.290105304921228e-12, 1.6501798082482016e-12, 3.6137389457610623e-13, 7.67581487242564e-14, 1.5850564852693396e-14, 3.1923523775743125e-15, 6.32656529233365e-16, 1.2795616051273325e-16, 3.0533360939352984e-17, 1.1863498923827924e-17, 8.091274406578883e-18, 7.098648618977566e-18, 6.638526496783354e-18, 6.305565864078734e-18, 6.03031319386401e-18, 5.800104026602481e-18, 5.6041613581646575e-18, 5.41857500053333e-18, 5.202814343051872e-18, 4.910949473497799e-18, 4.5180592285634854e-18, 4.041041363055754e-18, 3.5286748429956736e-18, 3.029831940343413e-18, 2.571832299110338e-18, 2.160506128334773e-18, 1.790201888818039e-18, 1.4521746540477572e-18, 1.1385562461847877e-18, 8.4341130091041885e-19, 5.625896165674943e-19, 2.932781372222543e-19]
1.6000000000000005	4.150929319578968	[-4.408542105642545e-19, -8.438648629438717e-19, -1.255342276038497e-18, -1.6755172181147165e-18, -2.1046698509380683e-18, -2.5430925633701916e-18, -2.9910906360961217e-18, -3.4489828628685676e-18, -3.917101565239272e-18, -4.395787960901104e-18, -4.885354725960124e-18, -5.385824313930989e-18, -5.895173011775664e-18, -6.3978581797596706e-18, -6.791675958236887e-18, -6.4326150018620364e-18, -1.3702644030036128e-18, 3.204320889389855e-17, 2.320105145561254e-16, 1.3871157826527488e-15, 7.890685881229667e-15, 4.364060266551331e-14, 2.3556414459006464e-13, 1.241915699528063e-12, 6.396152055271951e-12, 3.218308364605926e-11, 1.5821777156989245e-10, 7.600546632059605e-10, 3.5682019580196074e-09, 1.6373230682506258e-08, 7.34479709017982e-08, 3.221688665115357e-07, 1.3821806245636639e-06, 5.8018689529046646e-06, 2.3837861268132475e-05, 9.591189027468858e-05, 0.0003781233278207945, 0.0014616561145836039, 0.005544287991908694, 0.02065346612217613, 0.07560679150940165, 0.2718664807693404, 0.9557828391342345, 3.2219470679187165, 9.734237987688527, 21.69650457922349, 25.324031918229707, 15.02597791092446, 7.196905553384277, 4.1114776146476295, 3.2134565106750745, 3.2198359176835885, 3.675235188665136, 4.370091435206244, 5.097619966859787, 5.5974924486768, 5.650820004978761, 5.227161402744179, 4.4971597626509, 3.6895885562037667, 2.961565718503259, 2.3737249679121724, 1.9254991201345115, 1.592349295190728, 1.3464298952321219, 1.164292658246731, 1.028299993831121, 0.9258321238819415, 0.8480638924905491, 0.7889065301779812, 0.7442412665060735, 0.7114258069005613, 0.689030715429049, 0.6767775104627961, 0.6756728488075683, 0.688350431024071, 0.719631718051199, 0.7772746110359637, 0.872749290648605, 1.0215844789116095, 1.2422803811729892, 1.5520385112674917, 1.9572160696959415, 2.438238444639014, 2.9351327425746008, 3.349274097291994, 3.576335217753169, 3.5596809702546737, 3.3220393847440377, 2.9460045688178487, 2.524856010090249, 2.1258426948036666, 1.7818193719177908, 1.500308625818676, 1.275608414815264, 1.0973504070785716, 0.9549462027853876, 0.8393379007818296, 0.743393267618449, 0.6617525927826581, 0.590516461683754, 0.5269308588432248, 0.46911797944105743, 0.41585841672837337, 0.3664171733249803, 0.32040428243347, 0.27766272156152083, 0.2381785934068806, 0.20201024423868502, 0.16923398488800132, 0.13990456050427497, 0.11402869989394177, 0.091550116499918, 0.07234430884346697, 0.056221447657964684, 0.04293555416955856, 0.03219809261620841, 0.02369406078135069, 0.01709871434646375, 0.012093244269960607, 0.008378053753710963, 0.005682727938397272, 0.0037722965217186944, 0.0024498797512869383, 0.0015562077246803552, 0.0009667607825128274, 0.0005873783416118092, 0.00034914185914524987, 0.00020319557897695496, 0.00011597639109191493, 6.512738087723878e-05, 3.6201252999762214e-05, 2.0136607113412557e-05, 1.1414760964535655e-05, 6.770659128297717e-06, 4.327054614790467e-06, 3.0348211450647375e-06, 2.324169488497576e-06, 1.8949171158461482e-06, 1.594939576973152e-06, 1.352998521066307e-06, 1.145516296789608e-06, 9.892181296841259e-07, 9.830688496649415e-07, 1.7491466587122782e-06, 1.2575484723758072e-05, 0.00014204649123389723, 0.0003848864646623421, 0.0003458835826198998, 0.00019530283625454034, 9.30474457777381e-05, 4.225962483885709e-05, 1.9504548806247315e-05, 9.544168707288655e-06, 5.061093928538229e-06, 2.8709973490146504e-06, 1.650725847115489e-06, 8.950106819424673e-07, 4.33441876778405e-07, 1.837563836892486e-07, 6.86122564470061e-08, 2.2964859114141282e-08, 7.0235070073332355e-09, 1.9953335539052548e-09, 5.333437912479594e-10, 1.35419167639799e-10, 3.289218879770664e-11, 7.682516891184192e-12, 1.7321999318569068e-12, 3.7813928947866387e-13, 8.009883600108522e-14, 1.648661929254674e-14, 3.2951036034307178e-15, 6.33090328500752e-16, 1.0992787077658565e-16, 1.001604659772313e-17, -8.195265878646765e-18, -1.1020162371667738e-17, -1.1039894500758144e-17, -1.0596399523255718e-17, -1.0123650535256368e-17, -9.705310282910045e-18, -9.355465362889775e-18, -9.060856119803838e-18, -8.778984996374138e-18, -8.437281340653607e-18, -7.956552275575139e-18, -7.299901828715745e-18, -6.505731195226415e-18, -5.662743877090719e-18, -4.852194925200006e-18, -4.114954437249176e-18, -3.4563629013047177e-18, -2.86469180847607e-18, -2.3246918757626262e-18, -1.8233610158202554e-18, -1.3511579582175853e-18, -9.015186846475993e-19, -4.700385250374624e-19]
